6
16 16 8 8 8 4 3 
0.670	-0.261	-0.201	0.171	-0.631	0.464	-0.395	0.215	0.173	0.119	0.286	-0.193	0.131	-0.246	-3.227	-0.257	
-0.131	-0.380	1.008	0.188	0.046	-0.040	-0.393	-1.494	0.007	-0.443	1.566	0.117	0.212	-0.053	-0.239	0.519	
0.842	-0.529	-0.054	0.462	0.082	0.184	1.401	-0.135	0.124	0.320	0.166	1.365	-0.046	0.672	-0.696	-0.099	
0.055	-0.107	-0.035	1.815	-0.083	-0.302	-1.126	0.236	3.365	3.127	0.051	-0.004	-0.183	0.951	0.222	-0.007	
-1.056	0.254	-0.177	0.078	-1.774	-0.295	-1.159	-0.089	0.049	-0.185	0.181	0.009	-0.109	-1.053	2.085	0.199	
0.105	0.726	-0.738	-1.186	-0.065	0.125	0.157	-0.021	2.241	0.048	-0.068	-0.657	-0.355	-0.122	0.128	1.008	
-0.006	-0.132	-1.653	-1.349	-0.748	-1.402	-1.440	-0.934	-0.329	-0.348	0.612	-2.999	0.815	0.243	1.156	0.028	
-0.284	0.118	0.857	0.147	1.653	-0.427	-1.190	-0.978	0.110	-0.335	-0.430	-0.066	1.410	0.839	0.077	-0.311	
0.163	-0.184	1.473	-0.006	-0.012	-1.067	-0.074	-1.070	-0.135	-0.487	2.345	-0.124	0.051	0.098	0.002	-0.606	
-0.510	0.121	-0.117	-0.166	-0.296	-0.088	-1.151	-0.141	0.413	-0.221	1.149	-0.369	-0.007	-0.529	0.058	0.156	
1.416	0.178	0.110	-0.023	-0.020	-0.151	-0.218	0.149	0.712	3.501	-0.200	2.087	-0.074	0.373	-0.161	-1.095	
0.992	-0.182	-0.284	-2.999	-0.523	-0.156	-0.012	-0.063	-0.166	0.095	0.043	0.272	0.065	0.302	0.261	0.154	
1.023	-0.098	0.207	2.156	-0.477	-1.294	0.106	0.208	0.188	0.074	0.329	0.234	-0.765	0.635	0.113	0.303	
-0.085	0.175	0.153	-0.269	1.288	1.117	0.617	-1.079	-0.305	-0.110	1.096	-0.923	0.232	0.070	-0.301	0.359	
-0.224	0.063	0.120	0.317	-0.062	1.157	0.193	1.345	0.550	0.044	0.048	-0.986	0.210	1.395	-1.401	0.102	
-0.297	1.279	-0.237	1.580	-0.106	-1.208	0.113	0.236	0.003	0.119	-0.293	0.193	-3.553	-0.122	0.220	-0.087	
0.272	1.502	-0.217	0.230	-0.268	-0.167	0.044	-0.180	-0.648	-0.091	-0.006	0.130	-0.135	1.062	-0.243	-1.296	
0.320	0.054	0.003	-0.053	-0.007	1.340	0.083	0.321	-0.056	0.225	-0.153	0.147	-0.221	0.020	0.213	-1.082	
-0.359	0.156	-0.782	0.600	-0.050	-0.205	-0.708	-0.073	-0.948	-0.230	-0.014	0.094	1.556	-0.154	0.334	0.209	
-0.066	-0.223	0.097	-0.078	0.007	0.060	-0.375	-0.527	-0.972	2.822	1.060	-0.883	-0.017	0.161	0.133	0.075	
-0.120	-0.152	-0.119	-0.162	0.100	0.870	1.329	-0.343	0.243	-0.119	-0.004	0.965	-0.130	0.636	-0.286	-1.539	
-0.329	0.135	0.013	-0.170	0.209	1.007	0.835	-0.336	0.007	-0.048	0.554	0.252	-0.147	-0.129	-0.195	-0.310	
0.552	0.229	0.090	-0.823	0.094	-1.725	1.191	-0.023	-0.127	0.080	0.676	0.468	0.230	0.049	0.452	-0.287	
0.096	0.198	-0.772	-0.029	-0.111	0.128	-0.136	-1.010	0.104	-0.233	2.197	-0.166	0.230	2.259	0.511	0.448	
0.522	0.043	-0.195	2.543	-0.216	-0.483	0.725	-0.143	
0.049	-0.719	0.351	-0.225	0.205	-0.077	1.209	0.069	
-0.237	-0.206	0.160	0.151	0.571	0.393	1.746	-0.841	
-0.091	1.376	0.243	0.635	-0.027	0.774	1.161	0.072	
-0.419	0.531	-0.060	0.458	-0.276	0.537	-1.587	0.163	
-0.433	-0.275	0.141	-0.123	0.315	0.445	0.173	0.164	
0.319	0.026	-0.203	-0.154	-0.049	0.110	0.175	0.087	
-0.531	0.358	-0.055	0.249	0.666	-0.303	0.068	0.323	
-0.496	-0.164	-0.057	0.307	-0.286	-0.360	-0.867	0.894	
2.088	-0.449	0.231	-0.103	-1.369	-0.555	-0.528	0.021	
1.231	-0.009	0.248	-1.706	-0.262	-0.147	3.178	-0.092	
-0.345	-1.101	-0.332	-0.144	-1.062	-0.095	0.130	0.103	
-0.099	2.078	0.054	0.185	-0.945	0.633	-0.006	-0.081	
-0.431	-0.136	0.688	2.222	-0.101	-0.075	0.064	0.044	
0.757	0.045	0.277	0.285	-0.186	0.100	-0.832	0.456	
1.293	0.046	1.325	0.158	-0.909	-0.257	-0.547	-0.101	
0.595	0.873	-1.872	0.633	-0.148	-0.899	0.688	0.139	
0.077	2.331	0.404	0.244	0.552	-0.242	-1.242	-0.292	
1.089	0.112	0.120	-0.253	-0.750	0.342	-0.389	0.483	
-0.369	-0.139	-0.715	-0.317	-0.294	-0.044	1.078	-1.196	
0.486	-1.190	-1.678	-2.166	
0.425	-0.832	-0.173	0.326	
-0.894	-0.252	1.231	0.248	
