6
16 16 8 8 8 4 3 
-0.850	-0.049	-0.894	-1.199	-0.047	-1.596	-0.704	-0.047	-2.209	-0.165	0.338	-0.199	-0.538	-1.673	0.078	0.086	
0.383	0.081	0.296	0.259	-0.414	0.774	0.045	0.697	-0.705	-0.831	-0.096	0.156	-0.171	-0.128	0.712	-0.123	
0.117	0.368	-1.518	-0.149	0.138	1.470	-0.104	-0.284	-0.280	-0.560	-0.196	0.222	0.245	0.342	-0.153	-0.418	
0.556	0.315	1.209	0.085	-0.103	-0.210	-0.186	-0.254	0.314	1.983	0.292	0.399	0.883	0.717	1.673	-2.183	
0.211	0.681	-0.408	-0.021	-0.105	-0.250	0.006	0.096	-0.670	0.188	1.901	0.228	-0.194	-0.113	0.182	-0.185	
2.094	0.205	1.403	-0.803	-1.605	-1.557	-0.221	-0.117	0.067	0.963	0.077	-0.297	0.005	0.119	-0.098	0.829	
-0.561	-0.007	0.469	-0.096	0.180	-0.066	0.217	-0.604	0.138	-0.040	0.083	-1.401	-0.601	0.270	0.131	0.580	
0.073	0.128	-0.924	0.275	0.074	0.473	1.479	0.257	-0.208	-2.115	1.052	-2.068	-1.109	-0.250	-0.057	-0.089	
0.273	-0.102	0.178	-0.556	-0.473	-0.266	0.005	-0.413	-0.000	0.059	-0.037	0.102	-0.148	0.942	0.042	0.299	
-0.488	1.250	-0.139	-0.046	1.028	1.205	0.089	0.079	0.041	1.802	0.961	-0.799	0.654	0.036	-0.126	-2.292	
0.127	-0.368	0.176	-0.077	0.103	0.043	-0.123	0.097	0.077	0.151	-0.151	-0.071	0.925	0.610	-0.959	0.747	
0.342	-1.581	-0.282	-0.382	1.178	0.508	0.272	-0.408	0.592	0.083	0.100	0.239	-0.158	0.113	-0.022	0.005	
-0.362	0.564	0.140	-0.201	-0.103	-0.105	0.187	0.277	-0.031	-0.944	-0.206	-0.072	0.012	0.319	0.310	0.947	
-0.230	-0.235	-0.951	-1.532	-0.855	-1.236	-0.233	-0.108	-0.166	1.514	-0.114	1.827	-0.298	1.745	1.178	-0.623	
-1.024	3.887	-0.123	0.887	0.143	-0.161	0.189	0.152	0.331	-0.380	0.038	-0.272	-0.898	0.271	0.224	0.200	
-0.210	0.102	-0.103	-0.187	-0.448	0.206	-0.035	-0.611	-0.249	-0.189	-1.738	0.016	-0.112	0.185	-1.478	-0.798	
0.071	-0.169	-1.460	-0.167	0.008	0.189	0.298	0.222	-0.991	-0.087	-2.204	-0.211	-0.848	0.158	-0.666	0.287	
-1.469	0.250	0.097	-0.128	-0.102	-0.107	0.295	1.102	-0.114	0.033	0.107	-1.115	0.442	-0.153	-0.030	-1.387	
-0.297	-0.191	0.277	-0.359	0.105	0.012	2.149	-0.851	-0.035	-0.769	-0.029	1.579	-0.262	0.972	1.740	0.182	
0.597	-2.983	-0.025	-0.099	0.179	0.142	-1.534	0.719	-1.220	0.889	1.386	0.730	0.042	-0.007	0.050	-0.136	
0.096	0.082	0.299	0.077	-0.374	0.091	0.264	-0.106	-0.097	-0.226	-0.400	-1.236	0.443	-0.183	0.346	-0.001	
-0.441	1.291	-0.115	-0.057	0.134	-2.017	-1.512	-0.395	0.010	-0.353	-0.113	0.109	0.297	0.046	-0.524	-1.445	
0.511	0.199	0.026	-0.240	-0.113	0.317	0.643	0.225	0.218	-1.915	2.364	-0.940	-1.347	1.684	-0.513	0.119	
-0.185	0.166	-0.299	-1.022	-0.255	-0.511	0.204	-0.268	0.097	-0.647	-0.948	0.327	0.027	-0.450	-0.401	-0.011	
-0.449	0.298	0.956	2.317	-0.693	1.205	0.351	0.185	
-0.546	-0.187	-0.481	0.205	-2.134	0.421	0.819	0.468	
1.504	0.097	-0.208	1.204	0.179	-1.044	-0.081	0.066	
0.969	0.470	0.235	-0.125	0.631	0.063	-0.405	-0.315	
0.240	-0.849	0.079	0.147	-0.062	-0.850	-0.186	1.924	
-0.113	-0.076	-0.970	-0.030	-0.424	0.155	0.483	1.370	
-0.364	-0.829	-0.491	-1.098	0.841	0.220	-1.320	0.096	
-0.089	-0.453	0.417	1.211	-0.032	-1.612	-0.247	-1.712	
-2.660	-0.248	-1.162	0.462	0.553	-0.383	-0.623	0.238	
-0.175	-0.042	-0.574	0.118	0.676	0.952	-0.130	0.455	
-0.515	-0.087	-1.601	-0.190	-0.364	0.287	0.462	-0.106	
0.811	0.143	0.146	-0.499	-0.569	0.313	1.193	-0.184	
1.277	0.275	0.109	0.341	-1.812	-0.327	0.148	-0.041	
-0.199	2.749	-0.208	-0.213	-1.286	-0.311	-1.564	0.045	
-0.138	0.310	-0.220	0.240	-1.371	-0.232	-1.155	-0.352	
-1.123	0.213	-0.195	-0.581	-0.033	-0.008	0.557	0.070	
-0.420	0.228	0.627	-1.269	0.096	-0.554	0.160	-0.009	
-0.239	1.192	0.260	3.372	-0.046	-0.699	0.453	1.449	
-0.195	0.861	0.020	-0.612	-0.773	0.576	0.324	0.111	
0.263	0.121	-0.121	-4.725	1.208	3.607	-0.930	-1.286	
-3.076	0.233	0.564	0.786	
-1.520	0.425	0.169	1.548	
0.160	0.548	-0.005	-0.008	
