6
16 16 8 8 8 4 3 
-0.553	-0.680	-1.962	0.342	2.410	1.853	-0.312	0.325	0.139	0.425	0.349	0.037	0.175	-0.276	0.022	0.736	
0.126	0.239	0.134	0.051	-0.045	-0.097	-0.546	-1.757	-0.191	0.220	1.130	1.177	0.057	-0.097	1.563	-0.844	
-0.555	-0.118	0.809	0.201	-2.550	-0.038	-0.095	-1.043	0.221	0.092	1.484	1.338	-0.064	-0.108	-0.284	-0.513	
-0.029	-0.157	1.352	0.059	2.018	-1.998	0.084	1.295	-0.060	0.238	-0.195	-1.283	0.024	0.097	0.117	-0.080	
-0.069	0.845	-0.862	0.070	2.740	0.154	-1.528	-1.148	0.724	0.063	-1.002	-0.009	-0.388	0.197	-2.030	0.412	
-0.865	-0.755	0.474	-0.088	-0.013	0.071	0.984	-0.243	2.357	1.137	1.146	0.256	-0.095	-0.220	-0.002	0.228	
1.428	-0.168	-0.136	-0.421	0.078	0.177	0.990	1.144	-0.505	-0.239	-1.080	0.179	-0.303	0.044	0.066	1.504	
-1.586	-0.039	0.025	0.114	-0.050	0.139	0.313	-0.122	0.897	-0.716	0.230	-0.259	0.217	0.964	-0.105	-0.095	
1.189	0.680	2.049	0.019	-0.929	0.627	-0.766	0.082	1.133	-0.070	0.103	-1.341	-2.151	0.170	0.070	0.299	
0.003	-0.819	-0.098	0.582	-0.173	-0.114	0.160	0.009	0.420	-0.061	-0.030	-1.996	-1.445	0.375	-0.157	-0.119	
-0.759	0.064	-0.255	-0.071	0.115	0.355	0.345	-0.007	0.125	-0.447	-1.204	0.537	0.788	0.219	-0.052	0.969	
-0.250	1.001	0.137	1.322	0.005	0.118	-0.055	-0.017	1.130	-0.052	0.151	0.632	-0.050	3.148	0.428	0.041	
0.097	-0.008	0.279	0.090	-0.396	0.155	3.120	-1.875	0.124	0.734	0.113	-2.886	-0.311	0.399	-1.330	0.187	
-0.094	-0.523	0.317	0.240	-0.290	0.862	-0.024	-0.140	-1.334	0.603	-0.201	-0.285	0.262	0.968	0.413	0.026	
-0.292	-0.231	0.168	-0.526	-0.120	-0.285	0.897	-0.634	-1.372	0.000	0.089	0.097	0.049	-0.133	0.371	-0.216	
-0.206	0.168	0.364	-0.235	0.094	0.436	0.109	-3.532	-1.110	0.181	-1.417	-1.561	-0.206	0.226	0.377	-0.159	
-0.037	-1.458	-0.125	0.032	-0.069	-0.054	-0.232	-0.883	0.107	0.269	0.278	-0.460	-0.328	0.059	0.192	0.681	
0.071	-0.044	0.137	0.087	-0.074	0.526	-0.309	-1.510	0.057	0.420	2.425	-0.165	-1.096	0.074	0.888	1.592	
-0.155	-0.218	-0.270	0.109	-0.006	0.439	-0.421	-1.616	0.065	-0.120	0.073	-1.156	-0.023	-0.120	0.015	0.802	
-1.398	0.404	0.146	-1.996	-0.018	2.626	-1.730	-0.022	0.302	-0.574	-0.070	-0.166	0.128	-0.258	1.667	1.183	
0.628	-0.204	0.026	-0.163	-0.805	-1.512	0.047	-0.128	1.181	-0.085	-1.452	-0.031	0.058	1.591	-0.400	-0.257	
-0.165	-0.495	0.280	0.089	0.173	1.819	-0.106	0.055	-1.021	0.225	0.100	0.654	-0.243	-0.037	-0.122	-0.088	
-0.010	-0.461	-0.274	0.233	0.051	-0.427	0.178	0.050	0.294	-1.103	0.323	-0.080	0.256	0.013	-3.714	-0.154	
0.015	0.126	2.805	0.001	-0.183	-1.898	0.044	-0.420	0.780	-0.188	-0.095	0.723	0.031	0.145	0.422	0.669	
-0.358	-0.016	-0.140	0.166	-0.169	-0.573	0.781	0.579	
0.005	-0.079	1.275	1.784	-0.821	-0.440	-0.333	0.790	
-0.155	-0.449	0.489	-0.884	0.971	-0.123	0.215	1.239	
-0.139	-0.700	0.162	-0.161	-1.387	-0.859	0.052	-0.102	
0.067	0.876	-0.379	-0.579	-0.097	-0.217	0.473	-0.093	
-0.796	-0.081	-1.926	-0.344	-0.258	-0.309	0.627	-0.769	
1.110	0.743	-0.092	0.646	-0.358	0.169	-0.203	-0.098	
-1.389	-3.450	1.712	-0.120	0.535	0.024	-0.058	0.415	
0.062	-1.633	-0.100	0.190	-0.613	-0.112	0.236	1.364	
0.254	0.133	-0.252	0.015	-0.487	-1.809	0.534	0.054	
-0.180	-0.056	0.278	1.755	-1.038	0.274	0.764	0.431	
-0.639	0.095	-0.307	-1.034	-0.948	-0.269	0.647	0.191	
1.439	-0.547	0.363	0.495	-1.438	-1.239	-0.108	0.448	
-0.194	-0.440	-0.200	-0.021	1.176	0.328	0.652	0.823	
-0.067	1.599	0.173	-0.749	-0.153	-1.064	-0.207	0.506	
-0.938	1.716	0.111	-0.349	0.139	0.386	-0.304	-0.003	
0.016	0.150	-0.233	0.441	0.048	-0.248	-0.720	0.508	
0.203	-0.001	-0.187	0.354	0.065	-0.029	-0.016	-0.471	
0.343	-0.304	0.253	-0.350	0.248	-2.500	1.054	1.456	
-0.343	-0.126	0.217	-0.348	-0.572	-1.432	0.301	-1.058	
0.403	0.532	-1.634	0.859	
0.161	0.932	-2.353	-0.285	
0.458	-0.434	-0.831	0.527	
