6
16 16 8 8 8 4 3 
-0.135	-0.040	-0.617	-0.119	0.228	0.141	0.211	0.227	-0.062	0.070	-0.215	0.215	-0.025	-1.432	1.092	-0.203	
-0.062	-0.055	0.232	0.775	2.081	1.555	0.224	-0.187	0.504	0.084	-0.188	-0.277	-0.580	0.059	-0.032	-0.002	
0.073	0.231	-0.358	-0.289	2.332	-0.077	0.174	-0.071	0.712	0.193	-0.098	-0.055	-0.133	-1.039	0.033	0.888	
-0.242	0.861	0.071	0.006	-0.153	-0.155	1.509	0.284	-0.631	1.072	-1.350	-0.924	-0.145	-0.023	-1.035	-0.167	
2.190	-2.085	0.375	-0.070	-0.277	-1.645	0.157	1.409	0.243	-0.021	-0.151	-0.190	-1.889	0.352	-2.219	-1.014	
1.375	-1.429	-0.151	0.497	-0.408	0.193	0.212	-0.176	1.100	0.014	1.428	-0.456	-0.232	0.960	0.177	-2.224	
0.181	0.277	-0.199	0.674	-0.038	-0.955	1.296	0.187	0.215	-0.214	-1.296	1.288	0.837	1.423	0.973	-0.398	
-0.227	0.467	-1.692	0.281	-0.081	0.097	-0.290	-0.109	-0.063	-0.708	0.167	0.978	-0.373	0.868	2.119	0.918	
1.222	-0.058	-0.059	0.091	3.346	-0.101	0.138	0.138	0.198	-0.041	0.102	-0.101	-0.085	-0.455	4.696	-0.096	
-0.119	0.350	-0.005	-0.198	0.107	-0.540	0.736	-0.314	0.008	-1.199	0.598	-0.477	0.024	0.748	-0.238	0.003	
0.215	-0.894	1.015	-0.165	0.034	-0.143	-0.003	-1.142	-0.104	0.791	0.932	1.257	-1.261	-2.120	-0.059	0.303	
-0.297	0.109	0.057	0.190	2.946	-3.078	1.324	0.231	-0.056	-0.067	-0.018	2.897	-0.092	-0.327	0.115	1.451	
-0.053	1.175	-3.264	-0.347	0.068	-0.758	-0.456	-0.130	2.729	0.543	-0.093	-0.085	1.130	-1.377	-0.069	-1.256	
0.308	-0.094	-0.073	0.400	-0.086	-0.028	1.009	-0.142	-0.077	1.883	-0.562	-0.309	-1.330	0.027	-2.613	0.037	
-0.196	0.924	-0.117	0.300	0.155	-0.941	2.667	-0.082	0.538	-2.113	-0.335	-0.588	-0.510	1.278	0.048	0.090	
0.612	0.014	-1.026	-0.058	-0.105	0.147	0.697	0.124	0.122	-0.145	0.026	-0.319	-0.456	0.221	-1.181	0.121	
-1.682	-0.290	-2.124	1.574	-0.165	-1.854	2.056	0.248	-1.495	1.330	0.310	0.092	-0.023	0.018	-0.127	1.363	
-1.447	0.128	0.402	-0.054	-1.829	0.206	1.462	-0.147	0.176	0.347	0.760	-0.090	0.212	-0.518	0.408	-0.087	
0.211	2.579	-0.180	-1.456	0.054	-0.104	-1.222	2.126	-0.082	-0.775	-0.194	1.262	-0.041	-0.349	0.079	-0.294	
0.248	2.177	0.122	0.035	1.042	0.222	2.136	0.209	-2.720	0.226	-1.380	0.092	-0.708	-0.199	2.085	0.167	
-2.431	-1.915	-0.132	-0.915	-0.051	-0.013	-0.352	-1.511	0.107	0.339	-0.452	-1.391	-0.228	0.279	-0.457	0.475	
-1.287	-0.156	2.654	-0.089	0.420	-0.015	0.390	-0.366	-0.183	0.167	-0.310	-0.178	1.673	0.020	-0.494	0.291	
-0.037	0.102	-0.316	-0.193	-0.322	-0.284	0.177	-0.807	-0.110	0.062	0.954	0.614	1.285	0.333	0.253	-0.112	
0.036	-1.228	0.294	-0.146	0.028	-0.366	-0.359	0.791	-0.035	0.875	-0.125	0.192	-1.649	-0.400	0.204	0.974	
1.278	-0.440	-0.021	-0.267	-0.117	-0.078	-0.022	0.426	
1.213	-0.095	0.380	-0.071	-0.315	-0.203	-1.346	0.767	
-0.963	-0.385	1.722	0.933	0.150	1.859	0.418	0.033	
0.054	-0.051	-0.344	0.686	0.148	-0.589	0.027	-0.267	
0.020	-0.047	-0.751	1.199	-1.224	-0.294	0.148	-0.730	
-0.610	0.659	0.090	-0.134	0.081	0.373	-1.733	2.069	
0.277	2.360	-0.090	0.082	0.265	0.742	0.197	-0.382	
-0.748	-0.054	-1.495	0.462	-0.235	0.131	-0.563	1.086	
-0.971	0.318	-0.044	0.134	-1.457	-0.188	0.786	0.211	
0.586	1.544	-0.132	-0.035	-1.805	0.392	-0.291	-0.859	
1.208	0.031	-1.611	-0.178	-0.109	-0.997	-0.526	0.178	
0.050	0.101	0.192	-0.181	-2.757	1.550	0.220	0.277	
-0.228	-0.148	6.453	1.987	1.543	0.146	-0.047	0.636	
-0.351	-0.157	2.632	-0.162	1.356	1.591	-0.764	0.288	
0.236	-0.328	0.071	1.351	1.255	1.096	0.297	-0.141	
-0.229	-0.084	-0.889	-0.266	0.203	-0.176	-0.392	-0.178	
0.834	1.759	-0.453	0.397	0.031	-0.084	-0.369	-0.369	
1.610	0.114	-0.048	-0.244	-0.701	-1.496	0.696	0.294	
0.188	0.253	0.365	-1.044	-0.721	0.568	-0.592	3.774	
-0.231	3.175	-0.905	-0.081	0.117	-2.067	0.180	0.093	
1.761	1.466	0.869	-0.527	
-0.502	2.262	-0.758	0.211	
0.808	0.047	-0.244	-0.257	
