6
16 16 8 8 8 4 3 
-0.423	-0.909	-2.123	0.342	3.084	1.853	-0.312	0.325	0.139	0.047	0.349	0.037	0.556	-0.276	0.022	0.736	
0.098	0.239	0.134	0.051	-0.045	-0.097	-0.546	-6.338	-1.009	0.220	0.403	0.675	3.271	-0.097	1.234	0.036	
-1.024	-0.118	0.809	-0.085	0.129	-0.038	0.293	0.893	-2.217	0.092	1.484	1.468	-0.064	-0.590	-0.284	0.084	
-0.874	-0.545	1.352	0.086	-0.205	-0.529	-0.938	1.295	-0.060	0.501	0.210	2.812	-0.205	1.234	-0.249	1.231	
-0.069	0.481	-1.806	0.070	1.642	0.154	-1.528	-2.147	0.177	-0.685	-1.002	-0.009	-0.274	0.197	1.380	-2.204	
0.065	-0.894	-0.317	-0.088	-0.013	0.071	-0.489	2.132	1.815	0.197	0.005	0.140	-0.388	-0.220	-0.002	0.228	
0.146	-0.168	-0.136	-0.421	0.078	-1.469	0.160	1.144	0.023	-1.846	-0.270	0.179	-0.395	-0.327	0.066	1.504	
-2.759	2.272	0.025	0.114	-0.050	-1.903	0.343	-0.122	0.897	-0.716	0.230	-0.259	-1.452	0.186	1.018	-0.095	
1.518	-0.678	-0.024	0.157	-0.181	0.627	-1.147	-0.266	1.133	-0.070	0.247	0.204	0.422	0.067	0.070	-0.898	
0.003	-0.709	0.180	0.582	-0.173	-0.114	0.160	0.009	0.305	-0.351	-1.741	-0.233	0.217	-0.476	0.263	0.175	
-0.759	0.064	-0.255	-1.916	0.115	-0.511	-0.023	-0.007	0.125	-0.006	0.537	-0.194	-0.504	0.219	-0.052	2.523	
0.294	1.001	0.137	-0.163	0.005	0.118	-0.055	-0.017	0.172	-0.052	1.154	0.853	0.167	0.270	-0.525	0.041	
0.097	-0.008	0.601	1.062	-0.396	-0.044	2.679	-1.875	-0.472	-0.016	0.113	0.160	-0.515	0.399	-0.304	1.238	
-0.094	0.153	0.615	1.248	-0.290	0.862	-0.024	-0.140	-0.194	0.603	-0.201	0.758	0.262	0.060	0.413	0.026	
-0.292	-0.231	0.168	-0.526	-0.120	-0.189	-2.171	0.126	-0.229	0.364	0.059	0.097	0.386	-0.133	-0.295	-0.216	
-0.206	1.991	0.364	-0.235	1.060	-1.913	0.109	0.222	-0.439	0.181	-1.417	0.560	-0.206	-1.236	0.377	-0.159	
-0.320	-1.094	-0.125	-0.161	0.096	-0.054	-0.232	-1.657	-0.981	1.290	0.278	0.125	-0.192	0.059	0.192	0.265	
1.514	-0.044	0.137	1.996	-0.074	-0.096	-0.041	-0.091	0.057	0.420	-0.134	0.178	-0.250	0.074	1.328	1.085	
-0.368	-0.218	-1.569	0.109	-0.006	0.439	-0.534	-0.172	0.065	-0.240	0.712	-1.156	-0.023	-0.120	-0.752	-0.005	
-1.398	0.404	0.146	-1.310	-0.018	0.093	-0.272	-0.022	-0.048	-1.248	-0.070	-0.166	0.476	0.771	-0.059	0.150	
0.006	0.739	1.777	0.396	0.465	-1.512	0.047	-0.128	0.196	-0.085	-0.395	-0.031	0.058	0.190	-1.649	1.203	
-0.165	0.193	0.280	0.089	-1.397	1.819	-0.037	0.878	1.266	-0.030	-0.324	-0.070	-0.243	0.734	-0.151	-0.088	
-0.010	0.016	-0.130	0.233	0.051	0.276	0.226	0.050	0.294	-1.103	0.323	-0.080	1.267	0.013	-4.201	0.035	
-0.758	-0.147	-0.139	0.001	-0.183	-1.898	0.044	0.292	-0.416	-0.188	-1.836	-0.079	1.296	0.145	0.073	0.152	
-1.371	-0.016	0.022	0.166	-0.169	0.383	0.781	-0.010	
0.005	-0.135	0.408	2.604	-2.392	-2.228	0.145	-0.162	
-0.155	-0.449	0.489	0.271	0.835	-0.123	0.215	0.415	
-1.712	-0.263	0.162	-0.161	0.290	1.004	0.052	-0.102	
-0.493	-0.295	0.053	1.652	-0.065	0.339	0.473	-0.093	
0.064	-0.081	-0.963	-0.344	0.228	0.288	0.627	-0.892	
1.110	-0.829	-0.092	0.545	-0.162	2.322	-1.809	-0.098	
0.670	-1.173	-0.117	-0.120	0.535	0.296	-1.219	0.515	
-0.236	0.716	-0.733	0.190	1.125	0.481	0.236	0.424	
0.254	0.133	1.057	0.015	-0.487	-1.809	0.456	0.054	
-0.025	-0.056	1.215	1.755	-0.093	-0.394	0.438	-0.076	
-0.665	0.457	-1.710	-0.376	-0.212	-0.269	0.647	-0.749	
1.439	-0.322	0.597	-0.025	-1.848	-0.276	-0.108	0.448	
-0.194	-0.440	-0.200	-0.021	0.112	-0.494	0.652	-0.074	
1.804	-0.200	0.173	0.030	-0.231	-0.857	0.266	0.638	
-0.938	1.716	0.487	0.842	0.139	-0.058	-0.304	-0.003	
1.491	0.150	1.325	0.441	0.915	-2.736	-0.720	0.185	
0.203	0.041	-0.348	0.354	-1.677	0.554	0.285	-0.471	
0.343	-0.304	0.119	-1.052	-0.361	1.032	-0.167	0.058	
-0.343	-0.126	0.217	-0.348	-0.572	-0.058	0.301	-1.058	
0.560	0.532	-1.634	-0.616	
1.224	0.932	-1.468	-0.285	
-0.104	-0.434	0.374	0.406	
