6
16 16 8 8 8 4 3 
-0.423	0.135	-0.394	1.755	1.851	-0.295	-1.958	0.376	-0.660	0.047	0.349	0.037	0.023	-0.276	1.277	0.289	
1.955	0.048	0.668	0.051	-0.045	-0.097	-0.546	-1.757	-0.191	-0.958	0.254	0.385	0.074	-0.097	-0.154	-1.646	
0.128	-0.118	-0.250	-0.085	0.129	-0.217	0.430	0.558	0.411	0.092	1.484	-0.538	-0.064	0.880	-0.665	0.499	
0.289	-0.157	1.352	-2.275	-0.205	-0.274	0.305	0.175	0.324	0.238	0.147	0.064	0.024	0.097	1.417	1.489	
-0.069	0.845	-0.059	0.070	0.987	0.154	-1.528	-2.300	0.177	0.063	0.155	-0.422	-0.274	0.197	1.039	2.588	
0.333	-0.494	-0.317	-0.906	1.394	1.346	0.269	-1.403	1.815	1.325	-2.012	-1.757	0.950	-0.220	-0.002	0.228	
0.146	-0.226	-0.255	-0.857	-0.903	0.903	1.192	-0.068	0.122	-0.239	-0.270	0.179	-0.064	2.566	-1.092	-0.754	
0.037	-0.039	0.025	1.102	-0.050	0.139	0.313	-0.122	0.421	-0.164	-1.464	0.238	0.217	1.623	3.229	-0.095	
0.036	-0.678	-0.024	-1.189	0.710	0.262	-0.766	0.466	1.133	-1.714	1.876	-0.914	0.137	-0.735	-0.889	-2.342	
0.278	0.184	0.180	0.356	0.415	-0.112	0.160	-2.233	0.265	-0.061	-0.282	-1.181	-1.871	-0.150	-1.345	0.079	
-0.759	0.064	-1.052	-0.071	-0.353	0.159	-1.334	-0.007	0.125	2.029	-0.148	-0.194	-0.149	-0.229	-0.052	1.718	
0.289	-0.210	0.860	-0.163	0.005	0.118	-0.055	-0.411	-0.795	-2.042	0.272	1.526	0.167	-0.197	1.563	0.041	
-0.629	-0.623	0.279	0.090	-0.315	0.204	0.691	-0.402	1.123	0.790	1.029	1.810	-0.074	0.399	-2.074	-0.499	
-0.094	0.153	-0.552	0.240	-0.290	1.504	0.144	-0.140	-0.405	-1.718	-0.494	-0.156	0.851	1.004	0.413	0.026	
0.227	-1.286	0.118	-1.142	-0.120	1.082	0.035	3.057	-0.229	-1.138	0.565	-0.240	0.049	-0.133	-0.295	-0.822	
-0.206	0.168	-0.024	-0.235	1.060	-0.369	0.294	-1.000	0.109	0.181	-0.222	0.267	-0.206	1.634	0.182	-0.159	
-0.037	-0.297	-0.668	0.032	-0.564	-0.054	-0.232	-0.933	0.107	-0.268	0.278	1.085	-0.192	0.059	0.192	0.014	
2.679	1.267	0.734	-0.481	1.026	0.667	0.264	-0.091	-0.437	0.420	-0.134	0.178	-0.250	-1.269	0.332	0.656	
-0.155	2.537	-0.605	0.109	-0.006	0.439	-0.769	1.311	0.228	-0.240	0.073	-1.483	-0.023	-0.120	0.015	-2.308	
0.441	-0.348	0.146	0.182	-1.668	-1.638	0.056	-0.722	-0.048	0.140	0.401	0.494	0.200	0.109	2.654	-0.053	
0.006	-2.917	0.893	-0.163	0.101	0.178	0.139	-0.128	-0.033	-0.100	-0.395	-0.031	0.058	0.190	-0.400	-1.136	
-0.165	0.193	0.207	1.267	0.173	-0.001	-0.037	0.196	-0.294	-2.595	0.100	0.160	-0.243	-0.279	-0.122	0.451	
-0.010	0.016	-0.274	0.233	-0.130	-0.815	-0.295	-0.076	1.185	-0.095	0.323	1.282	0.256	-1.590	1.167	-0.154	
0.015	-0.147	-0.478	0.001	-0.183	0.076	1.042	-1.853	0.186	-1.576	-1.244	-0.079	0.031	0.145	0.422	0.152	
-0.358	-0.110	-0.948	0.166	-0.278	-1.661	3.605	-0.010	
0.005	-0.079	-0.642	2.337	1.969	-0.440	0.145	-0.162	
-0.134	-0.449	-1.329	1.356	0.971	0.829	0.006	-0.419	
-0.139	1.712	0.162	-0.439	0.273	0.133	0.052	-0.102	
0.067	-0.295	-0.379	-0.263	0.190	-1.989	0.473	-0.093	
0.456	-0.081	-0.497	1.098	0.228	-1.900	0.627	0.039	
0.453	1.037	1.043	-0.597	0.398	0.146	2.416	-0.098	
-0.265	-0.017	-0.117	2.107	1.296	0.024	-0.058	-0.257	
-0.236	0.094	-0.100	0.190	0.638	-1.081	0.236	0.024	
0.478	0.133	-1.019	0.015	-0.487	-0.191	0.456	-1.820	
-0.180	0.759	0.274	1.755	-0.224	-0.486	1.717	-0.076	
-0.665	0.095	-0.307	-0.031	1.193	-1.202	0.647	0.191	
1.005	1.529	1.266	0.495	-0.542	-0.166	1.171	0.448	
-0.194	-0.440	-1.115	-1.563	0.112	-0.494	0.652	0.070	
-0.582	-0.200	0.282	-0.891	-0.153	-0.799	-1.553	0.273	
-0.938	0.204	0.487	-0.255	0.139	0.076	-0.304	0.356	
-0.199	0.150	-0.233	0.456	1.194	0.120	-0.720	0.185	
0.203	-0.001	-0.944	1.106	0.065	-0.654	-1.066	-0.471	
0.343	-0.304	0.119	-2.430	1.966	0.167	0.084	1.915	
0.909	-0.126	0.217	-0.348	-0.572	-0.049	0.301	-0.662	
-0.100	-0.541	0.308	-0.616	
1.120	0.932	-1.468	-0.285	
-0.104	-0.222	-0.179	0.527	
