6
16 16 8 8 8 4 3 
-0.553	-1.993	-1.962	0.342	1.468	-0.679	-0.680	0.325	-0.712	0.047	0.349	0.442	0.175	-0.276	-0.308	0.736	
0.126	0.017	0.134	1.985	-0.045	-0.097	-0.546	-1.757	-0.191	0.220	0.254	0.691	0.074	-0.038	1.563	-0.844	
-0.555	-0.498	0.164	-0.085	-2.550	-0.038	-0.059	-0.067	-0.066	0.092	-1.048	0.072	-0.064	-0.108	-0.072	0.702	
-0.029	-0.157	1.352	0.059	0.307	-0.274	-0.371	1.295	-0.060	1.493	-0.195	1.277	0.024	0.097	0.117	-0.080	
-0.069	0.845	-0.862	0.070	1.958	0.002	-1.528	-1.148	0.177	0.124	-1.002	-0.009	-0.274	0.197	0.433	1.373	
-0.865	-0.726	-0.317	-0.088	-0.013	0.071	0.519	-0.243	1.815	0.197	-0.044	0.256	-0.095	-0.220	-0.286	0.228	
-0.144	-0.168	-0.136	-2.613	0.078	0.177	0.990	0.792	-0.505	-0.239	-1.080	0.179	0.684	0.364	-0.058	1.504	
0.367	-0.039	0.025	-0.753	-0.050	0.139	0.313	-0.122	0.464	-0.716	0.230	-0.022	0.217	0.964	0.493	-0.095	
-0.907	-0.678	-0.024	0.019	-1.524	0.627	-0.766	-0.266	1.133	-0.070	-0.495	0.204	-2.151	0.170	0.070	0.299	
0.003	-0.819	0.180	0.582	-0.173	-0.114	0.160	0.009	-0.558	-0.061	-0.030	-0.233	0.217	0.252	-0.157	0.308	
-0.759	0.064	-0.255	-0.071	-2.180	-0.390	-0.023	-0.007	0.125	-0.781	-1.204	-0.194	0.788	0.219	-0.779	1.718	
0.626	1.001	0.137	-0.163	0.005	0.118	-0.055	-0.017	1.130	-0.052	0.151	0.506	-0.050	3.891	0.428	0.041	
0.097	-0.008	0.279	-1.093	-0.396	0.155	3.120	-1.875	0.124	0.734	0.113	-1.562	-0.311	0.399	-0.564	0.187	
-0.094	-0.523	0.317	0.240	-0.290	0.862	-0.024	0.258	-0.194	0.603	-0.201	0.168	0.262	0.060	0.413	0.026	
-0.292	0.023	0.168	-0.526	-0.948	-0.189	0.035	0.126	-0.801	0.000	0.089	0.097	0.049	-0.133	0.371	-0.216	
-0.206	1.678	0.364	-0.235	0.953	-0.369	0.109	0.222	-2.847	-0.668	-1.417	0.530	-0.206	0.226	0.377	-0.159	
-0.037	-1.458	0.582	0.032	-0.069	-0.054	0.399	-0.883	-2.184	0.269	0.278	-0.460	-1.413	0.059	0.192	0.058	
0.071	-0.044	0.137	0.087	-1.005	-0.265	-0.309	-1.510	0.057	0.420	-0.134	0.178	-0.738	0.074	0.888	1.592	
1.525	-0.218	-1.316	0.109	0.250	0.439	-0.805	-0.805	0.065	-0.120	-1.212	-1.156	-0.023	-0.398	0.015	-0.005	
-1.398	1.622	0.146	-1.751	-0.018	2.626	-1.730	-0.022	-0.048	-0.574	-0.070	-0.166	0.128	-0.258	1.667	1.040	
-0.101	-0.204	0.026	-0.163	-0.805	0.101	0.047	-0.128	0.196	-0.085	-1.452	-0.031	0.116	0.190	-0.400	-0.199	
-0.165	0.193	-0.323	0.089	0.173	2.869	-0.037	0.055	-1.021	0.225	0.100	-2.342	-0.243	-0.037	-0.122	-1.400	
-0.010	-1.073	-0.274	-0.522	0.051	0.012	1.055	0.050	0.294	-1.103	0.406	-0.080	0.256	0.013	-1.621	-0.154	
-0.206	0.086	-0.139	0.001	-0.183	-1.898	0.044	0.292	0.186	-0.188	-0.095	-0.079	0.031	0.145	0.422	0.669	
-0.761	0.264	-0.550	0.166	-0.169	-0.573	0.315	-0.010	
0.005	-0.079	1.275	1.784	-0.216	-2.378	0.963	-0.162	
-0.155	-0.449	0.489	0.271	0.971	-0.123	0.215	0.415	
-0.139	0.194	-1.426	-0.161	-1.387	0.133	0.052	-0.102	
0.067	-1.120	-0.379	-0.579	-0.097	-0.217	0.473	-0.093	
0.456	-0.081	-1.285	1.583	-0.258	0.288	0.627	0.259	
1.110	-0.215	-1.115	0.646	-0.358	0.715	-1.681	-0.098	
-0.265	-3.450	1.712	-0.120	0.535	0.024	-0.058	0.095	
0.062	-2.704	-0.100	0.239	-1.296	0.453	0.236	1.364	
0.254	0.133	0.267	0.015	-0.487	-1.809	2.163	0.054	
-0.180	-0.056	0.278	1.755	-0.224	0.274	1.071	0.044	
-0.665	0.095	-0.307	-3.348	-0.143	-0.269	0.647	0.191	
1.439	-0.322	0.363	0.495	-0.542	-0.486	-0.108	0.448	
-0.194	-0.440	-0.200	-0.021	0.112	-0.494	0.652	-0.074	
-0.067	1.133	0.173	0.368	-0.153	-1.064	-0.207	0.638	
-0.938	1.716	0.111	-0.255	0.139	-0.058	0.999	-0.003	
1.120	0.150	-0.233	0.441	0.048	-0.248	-0.720	0.185	
-0.419	-0.001	1.732	2.244	0.065	-0.029	-0.016	-0.471	
0.343	-0.304	0.366	-0.350	-0.072	-1.102	1.054	0.610	
-0.343	-0.126	0.217	-2.345	-0.572	-0.058	0.301	-1.058	
0.403	1.902	-1.634	-0.616	
1.226	0.932	-1.468	-0.285	
0.458	-0.434	-0.831	0.527	
