6
16 16 8 8 8 4 3 
-0.198	0.158	-0.322	1.275	1.229	0.025	2.175	0.256	0.118	-1.090	1.757	0.024	0.123	-1.807	0.002	1.574	
-1.647	0.644	1.219	0.062	1.924	0.124	-3.586	0.118	-0.018	0.093	0.160	0.345	0.601	-0.090	-0.294	-2.002	
0.128	-0.139	-0.138	-0.975	-0.006	0.103	0.007	1.814	-2.619	0.245	0.125	0.132	0.197	1.787	-0.244	0.830	
0.149	1.029	-0.590	0.065	-0.016	-0.393	0.009	0.438	-0.000	-1.496	0.079	0.019	-0.037	-0.528	1.055	-0.075	
-1.143	0.309	1.341	1.654	-0.556	-0.748	0.124	-0.087	-0.207	-0.170	1.882	0.009	-0.161	0.178	0.039	0.258	
0.218	0.424	0.000	-1.007	-0.227	0.639	0.318	-1.142	1.135	0.051	-0.049	-2.901	-1.090	0.466	0.088	-0.926	
-1.414	-0.189	1.818	2.262	0.014	-0.015	0.160	0.048	-0.074	-0.416	1.055	0.125	-0.141	0.089	0.027	-0.003	
0.222	0.011	-0.217	0.202	-1.667	0.012	-0.246	-0.042	0.074	1.015	0.156	-0.161	0.221	-0.647	-2.989	-0.095	
0.109	-0.201	0.043	-0.062	1.292	-0.176	-0.244	0.053	0.139	-0.084	1.799	0.583	-0.972	-0.486	0.149	0.335	
-0.136	1.047	0.473	2.674	-0.157	-0.129	0.147	0.034	0.289	-1.093	2.064	-0.301	0.138	0.021	1.870	0.645	
0.148	1.175	-0.101	-0.177	-2.531	-0.117	-0.273	1.922	-2.061	0.402	-0.011	0.682	1.011	0.075	-0.123	-0.032	
1.455	-1.368	1.178	-0.205	0.071	-1.742	-0.707	-1.777	0.309	1.542	0.272	0.732	2.015	0.245	-0.982	0.149	
-0.092	0.012	0.129	0.581	0.602	0.101	-1.267	0.132	0.004	0.967	1.624	0.764	-0.069	0.227	0.439	-2.384	
-0.150	-2.058	0.191	-0.176	1.136	0.073	0.127	-0.156	-0.288	-0.901	-2.506	-0.223	0.206	0.054	-1.398	-0.011	
1.075	1.100	1.240	1.100	-0.568	-0.898	-1.384	0.119	-1.199	0.948	0.027	-0.169	0.258	-0.066	-0.168	-0.142	
-0.235	-0.245	0.086	-0.282	-0.536	-3.133	0.484	2.513	0.941	0.135	-0.765	0.169	-1.416	-0.067	0.227	-1.807	
-0.144	0.690	-1.102	0.217	-1.475	-0.295	-1.940	-0.234	0.217	-2.277	0.293	0.242	-0.115	-0.010	-1.173	0.116	
2.280	-1.681	-0.003	-0.147	0.975	-0.776	0.136	-0.946	0.466	0.172	-0.164	0.258	-0.242	0.289	0.363	-1.369	
-0.276	-0.360	-0.187	0.050	-1.161	-1.188	-0.189	-1.783	-0.128	-1.790	0.011	1.347	-0.023	-0.230	0.210	0.082	
-0.349	0.369	1.390	-0.204	-0.181	3.520	-0.157	-0.059	-0.124	-0.193	0.076	-2.124	-2.787	0.110	0.786	1.157	
-0.844	-0.193	0.032	-1.592	0.110	0.094	0.217	-0.145	-1.907	-0.107	-3.340	0.032	0.806	0.075	2.624	0.048	
-1.725	-0.652	0.135	-0.084	0.012	0.843	-0.099	-0.620	-0.071	1.544	0.142	0.099	-0.267	-0.981	1.171	0.530	
-1.367	1.889	1.023	0.233	0.048	0.012	0.618	0.016	-0.059	1.254	0.721	1.423	5.058	-0.046	0.861	-1.653	
-0.463	-0.792	0.290	2.323	-0.118	3.698	0.047	0.246	0.277	-2.164	-0.046	-2.188	1.962	0.052	0.263	-0.834	
-0.331	0.113	0.609	0.052	0.369	-0.743	0.874	-0.043	
0.095	-1.191	0.578	0.656	-0.219	-0.740	0.845	0.649	
-1.609	0.075	0.197	0.166	-0.427	-0.004	0.993	0.488	
0.843	0.486	-0.006	-0.833	0.009	0.813	-0.175	0.029	
-0.839	-0.187	0.103	-0.353	-0.560	1.141	0.229	-1.236	
0.030	-0.081	-0.863	-1.766	-0.414	-0.422	-2.512	-0.504	
-0.296	-0.242	-0.620	0.232	0.939	-0.111	0.595	-0.377	
-0.968	2.190	-0.126	-0.215	-3.348	-1.843	-1.406	0.035	
0.059	0.124	-0.064	0.662	0.141	-0.257	-1.548	0.258	
-0.340	0.046	1.311	-0.322	1.974	-0.269	0.080	0.003	
-0.252	0.026	0.924	0.319	-0.197	0.294	-0.621	-0.276	
-0.841	-1.115	0.100	0.725	-0.153	-0.250	3.013	0.594	
0.274	-2.545	0.095	0.328	-0.443	0.218	0.336	0.100	
-0.194	-0.267	-0.194	0.127	0.166	-0.053	-0.318	0.044	
-0.559	-0.721	0.006	-1.484	-0.168	-0.490	1.530	0.496	
-0.217	-0.141	0.325	-0.241	0.242	0.150	1.016	0.018	
0.068	0.070	2.333	0.842	0.157	-0.389	-0.768	-0.040	
0.245	-0.211	0.404	0.171	-2.036	0.002	-0.077	-1.381	
0.157	0.783	1.217	-0.885	0.148	0.348	-0.307	-0.010	
-0.859	-0.167	1.092	-0.397	0.244	-0.484	0.393	0.307	
2.199	0.383	-0.501	2.429	
0.043	1.166	-0.575	0.637	
-1.969	-1.731	0.210	0.368	
