6
16 16 8 8 8 4 3 
1.782	1.210	-0.292	0.355	-0.018	0.080	1.011	0.142	-0.638	-0.117	0.913	0.165	0.047	0.750	-0.005	0.402	
0.030	2.052	-0.120	0.035	0.110	0.851	0.147	0.158	-1.235	-0.249	0.349	0.319	1.316	0.302	0.975	-0.136	
-0.035	0.059	0.272	0.022	-0.073	-0.506	-1.560	-2.512	0.254	0.139	0.587	0.943	-0.152	0.231	-0.178	-1.204	
-1.414	-0.136	-0.575	-0.246	0.065	0.093	-0.015	1.250	0.676	-0.040	-0.045	-2.173	0.261	0.975	-0.062	0.701	
0.117	0.110	-0.273	0.647	-2.680	-0.642	0.419	0.267	-1.113	-0.972	1.553	0.793	-0.209	-0.521	0.262	-0.880	
2.054	-0.148	-0.158	-0.050	-1.213	-0.175	-0.230	0.317	-0.435	0.237	-0.419	1.321	0.650	-0.179	-1.537	-0.686	
0.073	0.997	-3.089	-0.049	-0.110	0.451	-0.035	-0.308	-1.839	0.140	-1.126	0.355	-0.004	-1.305	-0.297	0.293	
0.050	-1.323	-0.196	1.113	-0.003	0.235	1.067	0.256	0.142	0.104	-0.051	1.155	0.149	-0.106	-0.357	-0.254	
-0.330	1.347	-1.563	1.404	0.946	0.010	0.247	-2.217	0.375	-1.297	-0.057	-0.642	1.426	0.104	0.847	2.898	
0.474	-2.569	1.106	-0.031	1.977	-0.337	1.550	0.250	-0.219	-0.413	-1.130	-0.220	-0.160	0.939	-0.776	-0.023	
0.280	-0.330	-0.229	-0.167	1.037	-2.959	-0.293	-0.193	-0.893	-1.737	0.340	-0.307	-0.288	-0.064	0.702	0.444	
0.206	0.246	0.053	-0.718	-0.010	-0.172	0.175	-0.001	0.686	0.372	1.065	0.118	3.029	1.158	-0.052	-1.195	
-0.279	0.172	-1.190	-0.268	-1.665	-1.032	-0.813	0.414	0.369	0.147	0.436	-0.308	-0.244	-0.196	1.198	-1.305	
-0.223	0.326	0.186	-0.686	0.038	-0.013	-0.261	-0.659	0.133	-2.289	-0.112	-0.024	-0.080	0.016	0.926	0.028	
0.208	-0.384	0.146	-0.080	0.336	-1.117	-0.358	0.016	-0.113	2.130	-0.494	-0.722	0.135	0.236	0.609	-0.164	
0.318	-0.238	2.524	-0.842	0.139	-0.082	0.715	0.020	-0.265	-0.410	-0.316	-0.031	-0.524	0.486	-1.490	0.094	
1.092	-3.745	0.032	0.207	-0.141	0.138	0.041	-1.314	-0.235	0.966	-0.141	0.134	1.127	-0.021	-0.072	1.705	
-0.123	-0.133	0.275	0.972	-0.259	0.062	-0.645	0.022	0.103	1.345	-2.180	0.560	-0.136	-0.217	-0.218	0.010	
-1.614	-0.010	0.209	0.113	0.093	-1.793	0.966	0.228	0.003	-0.117	-0.638	0.156	-1.662	1.739	0.024	1.149	
-0.022	0.042	-0.300	2.127	2.778	-0.021	-1.402	-0.143	-1.097	-0.081	0.587	-0.106	-0.377	0.563	-1.953	0.352	
-0.063	0.455	0.319	0.011	0.680	-0.027	-0.701	2.300	-0.960	-0.237	-0.124	1.585	-0.006	0.470	-2.867	0.184	
-0.199	-0.129	0.279	-0.269	0.913	0.177	0.219	-0.199	0.147	-1.369	0.190	-1.879	-0.153	-0.055	-0.166	-1.252	
0.058	0.250	-0.975	0.439	-1.641	2.893	-0.113	-0.031	-0.308	-0.169	-0.249	-0.129	0.133	-3.688	0.160	-0.066	
0.166	-0.068	-0.153	-1.500	1.664	-0.091	-0.387	-0.122	-0.404	-0.127	-0.248	-0.045	-0.789	0.874	2.138	-0.115	
1.997	1.891	-0.807	-1.262	0.041	-0.328	0.142	-0.040	
-1.670	0.209	-0.112	1.739	-4.457	-0.191	-0.637	0.231	
0.297	0.479	0.035	0.916	-0.379	0.086	1.922	0.366	
-0.125	1.049	-0.289	0.525	0.368	-0.534	0.031	-0.168	
0.364	0.368	-0.240	-0.120	2.120	2.337	0.363	-0.200	
-0.160	-0.354	-0.227	-0.514	-0.057	-2.070	-0.579	0.159	
1.389	-0.023	0.215	0.349	0.540	-0.051	-0.359	-1.270	
-0.010	-0.962	0.164	-3.179	-0.933	0.734	-0.662	1.386	
0.572	-1.503	-0.002	0.322	0.914	1.118	0.138	-1.042	
1.680	1.540	-1.156	0.183	0.099	1.051	-0.157	1.259	
1.616	0.723	1.072	0.538	0.289	-2.306	0.268	-0.693	
-0.201	0.448	-0.051	2.856	0.227	-0.007	0.708	-0.178	
0.030	0.566	-0.150	0.040	0.411	0.052	-0.475	1.778	
0.053	0.506	-0.630	-0.301	-0.201	0.228	-0.040	0.308	
-0.224	-0.733	-0.015	0.193	0.026	1.844	1.437	1.447	
0.567	0.504	0.272	0.065	-0.288	2.139	-1.993	-1.439	
-0.442	-0.033	-0.045	-0.582	0.252	0.166	0.789	0.516	
0.539	0.117	0.039	-0.234	0.097	0.763	0.011	0.049	
0.554	0.232	0.014	-0.664	0.567	0.227	-0.048	-1.482	
-0.184	0.197	-3.665	-0.209	-2.424	-0.236	0.034	0.046	
2.257	-0.750	0.403	0.156	
0.768	-0.792	1.763	-1.910	
-0.581	2.738	0.584	0.402	
