6
16 16 8 8 8 4 3 
-0.135	-0.040	-0.585	-0.119	0.403	-0.004	0.211	0.227	-0.062	0.070	-0.280	0.215	-0.025	-0.902	0.516	-0.203	
0.066	-0.055	0.232	0.131	1.346	-0.009	0.090	1.483	-0.139	0.084	-1.476	-0.277	-0.580	0.059	0.156	0.143	
0.073	0.037	0.039	-2.664	0.222	0.169	0.174	-1.247	-0.265	0.193	-0.271	-1.114	-0.133	1.323	-0.113	1.483	
-0.218	-0.802	0.071	0.006	-0.153	0.989	-0.258	2.124	0.278	0.933	0.047	0.456	-0.145	-0.023	-0.214	-0.167	
2.190	-0.024	-0.729	-0.070	3.011	0.536	-0.702	0.085	1.009	-0.021	-2.838	-0.190	0.171	-0.064	-0.295	-0.334	
-0.080	0.241	-0.151	-0.852	0.387	0.193	0.212	-0.813	0.807	0.014	-0.142	0.489	-0.232	1.607	1.597	-1.863	
0.181	0.277	-0.465	0.253	-0.038	0.148	-0.029	0.389	-0.266	-0.214	-1.748	1.763	0.857	0.540	-0.086	-0.182	
0.185	-0.125	-0.350	0.281	-0.081	0.097	0.023	-0.109	0.895	-0.224	2.168	-0.093	-0.373	0.356	0.006	-0.640	
-0.075	-1.140	0.343	0.091	2.717	-0.100	-0.065	0.138	0.235	-0.041	0.102	-0.120	0.228	-0.455	1.258	-0.096	
-0.119	0.196	0.325	-0.198	0.941	0.222	0.325	-0.314	0.008	-1.039	0.328	-0.111	1.416	0.095	-0.238	-2.054	
0.215	-0.171	0.064	-1.642	1.490	0.033	-0.019	-2.393	-0.934	-0.231	-0.564	0.095	-1.835	-0.950	-0.268	-0.093	
-0.297	-0.109	0.057	0.190	-0.309	0.671	0.393	0.222	-1.662	0.193	-0.297	-0.960	-0.092	-0.366	2.101	-0.836	
0.053	0.257	0.027	0.003	0.068	0.940	0.444	-0.130	1.727	-0.927	-0.093	-0.085	-0.108	1.524	1.092	-0.215	
-1.131	-0.094	-0.073	0.400	-0.086	-0.028	-0.062	0.365	0.630	0.964	0.116	-0.309	-0.051	0.027	-0.799	0.037	
-0.292	-1.023	-0.117	0.300	0.009	-1.305	1.244	-0.082	-1.382	-0.005	5.335	0.041	-0.616	-1.198	0.048	0.090	
-0.845	0.014	-0.269	-0.058	-0.125	0.147	-0.026	0.124	1.165	-0.329	0.026	-0.319	-1.006	1.256	0.113	0.121	
-0.044	1.177	-1.835	2.425	-0.165	0.093	0.173	0.248	0.444	-0.107	-1.198	0.092	-0.023	0.018	-0.667	-0.098	
0.060	0.460	0.771	-0.054	0.408	0.206	-0.113	-0.147	1.704	-1.751	0.597	0.697	0.212	-0.628	0.223	0.296	
3.151	1.162	-0.180	-0.361	0.054	0.915	-1.222	0.128	0.328	-0.158	0.698	-0.778	-0.041	-1.728	0.079	-0.000	
1.391	-0.591	-0.866	0.035	0.101	0.222	2.132	0.209	0.113	1.396	-0.153	0.092	0.226	-0.199	2.085	-1.152	
-0.034	-0.140	-0.132	-0.876	-1.937	0.232	-0.352	-1.511	0.107	0.339	2.765	-0.749	-0.228	0.279	-0.776	-0.709	
-0.989	-0.156	0.349	-0.089	-0.744	-0.015	0.390	0.090	0.686	0.167	-0.878	-0.178	0.307	0.020	0.071	0.291	
-0.037	0.615	-0.316	0.109	0.178	0.083	0.177	0.145	-0.110	0.136	1.757	0.298	-1.210	-0.162	2.371	-0.112	
-1.233	-0.137	0.271	-0.146	0.028	0.219	-0.359	-0.046	0.076	0.165	-0.125	0.236	-0.162	-0.008	-2.567	-0.027	
1.278	-0.111	0.028	-0.267	-0.117	-0.616	-0.022	0.426	
0.185	-0.095	0.983	-0.071	1.992	-1.135	1.497	0.767	
0.010	-0.385	0.310	-1.025	0.150	0.519	-0.009	0.033	
0.054	-0.012	-1.046	0.686	0.148	-0.250	0.027	0.994	
0.020	-0.047	-0.608	2.265	-0.166	-0.606	0.118	-0.974	
-0.083	-0.149	-0.098	-0.762	5.149	2.754	0.185	0.111	
0.277	0.597	0.027	-1.700	-0.174	0.356	0.401	-0.382	
-0.489	0.409	-1.495	-0.920	-0.235	0.131	-0.923	1.086	
-1.050	0.318	-0.044	0.134	-1.457	-0.188	1.983	0.211	
-0.381	1.842	-0.132	-0.613	0.005	0.107	-0.291	-0.215	
-0.044	0.697	0.117	-0.178	-0.109	-0.383	-0.526	0.178	
0.050	0.715	0.855	-0.181	-0.256	0.950	-0.414	0.098	
1.162	-0.581	0.620	-0.270	-0.221	-0.259	-0.047	0.256	
-0.351	-0.157	0.463	-0.067	0.210	-0.991	0.084	0.288	
0.236	2.866	0.071	0.262	0.125	-0.077	-0.034	-0.129	
-0.229	0.531	-2.124	-0.266	0.203	-0.176	-0.392	-0.178	
0.366	-1.684	-0.453	0.397	-0.944	0.465	-0.369	-0.369	
0.726	0.114	-0.048	-0.723	-1.398	-2.137	-0.069	1.034	
0.605	0.253	2.297	-0.113	-0.081	-0.025	-0.592	1.409	
-0.231	-0.388	0.398	1.001	-0.149	-0.818	2.000	0.506	
0.494	1.466	0.869	-0.354	
-0.502	1.137	-0.483	0.216	
0.154	-0.227	-0.244	-0.257	
