6
16 16 8 8 8 4 3 
0.253	-0.174	-0.234	-1.145	0.039	-0.167	-0.811	0.709	0.156	0.096	0.256	-1.199	1.977	-0.356	1.927	-1.850	
-0.358	1.272	0.129	0.196	-0.015	-0.061	-0.546	-1.551	-1.481	0.031	0.250	1.691	0.068	-0.130	-0.152	0.043	
0.162	-0.150	-1.067	0.125	0.081	-0.038	-0.126	1.975	0.059	1.045	0.200	-1.797	-0.075	-0.486	-0.284	-1.370	
-0.231	-0.197	-0.045	-0.055	-0.176	-0.257	1.363	-0.384	0.193	0.723	0.225	0.639	0.112	-0.021	0.148	-0.014	
-0.034	-1.952	-1.168	-0.024	0.204	-0.144	0.267	0.099	-0.939	-0.380	0.392	-1.695	-0.226	1.191	0.064	0.265	
-0.080	-0.027	-0.198	-0.098	1.149	2.260	-1.258	0.219	2.388	-0.188	1.671	-0.875	-0.095	-0.081	0.879	0.193	
0.894	-0.086	-0.255	-0.949	-0.417	1.187	0.114	-0.011	0.106	1.371	-1.104	-3.382	-0.151	0.181	-0.330	-0.083	
0.728	-0.478	-0.325	-0.177	-0.052	0.562	0.134	-0.018	-0.097	-0.374	0.267	0.425	0.187	-2.216	0.216	-0.095	
0.036	-0.177	-0.018	3.301	-0.264	0.308	-0.227	0.611	0.166	-0.914	0.642	0.861	0.211	0.143	0.388	0.299	
-0.069	0.193	0.863	0.148	-0.212	-1.178	1.033	-1.715	0.612	-0.111	1.663	0.141	-0.224	0.151	0.252	0.051	
0.062	0.099	-0.576	-0.441	0.061	0.556	-0.137	-2.181	-0.140	-1.028	-0.136	-0.271	0.138	0.205	-0.069	-1.743	
-1.235	-0.749	0.145	-0.163	0.045	-0.201	3.170	1.126	1.155	0.954	0.493	0.356	-0.091	0.237	0.701	-2.078	
0.097	-0.212	0.138	-0.043	-0.089	0.204	0.100	0.228	-0.017	0.114	-0.044	0.699	-1.162	0.256	-0.352	0.068	
0.778	0.258	0.164	0.822	-1.803	-1.413	0.097	-0.347	1.665	-3.036	0.285	-2.064	0.050	0.118	0.086	-0.171	
-0.245	-0.883	0.093	-0.770	-0.024	0.047	0.291	0.157	-0.271	0.019	0.204	-0.240	0.121	-0.077	-0.365	0.900	
-0.171	-0.245	0.328	-0.197	-0.219	1.089	1.275	0.222	-0.535	0.210	0.240	0.237	0.454	0.597	0.389	-0.121	
0.034	-0.036	2.197	0.075	0.159	-0.034	0.052	-0.392	0.128	-0.186	0.474	-0.274	-0.144	-0.949	0.056	0.265	
-0.757	0.817	-0.591	0.162	-0.094	-0.408	0.884	-0.116	-0.915	-2.370	0.888	0.052	-2.000	-1.506	0.230	-0.788	
-1.599	-0.131	-0.169	0.046	0.757	-0.755	-0.140	-0.131	0.027	-0.165	0.151	1.801	-0.001	-0.165	-0.067	0.371	
-0.350	0.890	-0.077	-0.810	-0.185	-0.123	-0.203	0.807	1.333	-0.504	1.009	-0.077	-0.446	-0.325	0.229	0.150	
0.006	-0.136	1.464	0.266	0.274	-0.584	1.464	-0.181	0.196	-0.534	-0.605	0.253	0.084	0.220	-0.572	1.606	
-0.863	2.362	-2.061	0.982	3.685	-0.113	-0.197	0.235	-0.054	0.269	0.142	-0.755	-0.127	0.505	-0.076	1.324	
-0.026	-1.164	-1.351	0.233	0.051	0.012	-0.428	-1.381	0.157	-0.197	-0.943	0.016	0.255	0.013	-0.077	0.437	
0.098	-0.088	0.407	0.001	-0.182	0.262	0.063	0.256	0.170	-0.206	-0.168	-0.215	0.675	0.049	0.279	0.183	
0.395	1.763	0.009	0.188	-0.046	-0.045	1.318	-0.121	
-0.377	0.934	-0.020	0.525	-0.611	-1.906	0.145	-0.820	
-0.236	-0.279	1.033	-0.037	-0.319	0.097	0.169	0.355	
0.498	0.950	-1.204	0.267	1.880	-2.261	0.112	-0.008	
-2.203	-1.925	-0.023	-0.351	-0.300	-0.061	-0.528	-0.589	
0.067	-0.081	1.128	-0.344	-2.483	0.147	0.372	0.221	
0.507	-0.250	-0.434	0.660	0.297	0.064	-1.092	0.153	
-2.664	-0.835	-0.434	1.870	1.334	-0.133	0.117	0.196	
-1.087	-1.064	0.695	0.190	-0.482	0.054	0.211	0.511	
-0.817	-0.951	-0.134	0.020	-0.762	0.889	0.315	-1.898	
-0.615	0.320	-1.211	0.513	0.080	-1.708	0.942	-0.256	
-0.665	0.113	-0.719	0.786	2.135	-0.255	0.117	0.288	
-0.074	3.167	0.361	0.696	-0.019	-0.386	-0.161	0.252	
0.140	-0.941	-0.059	0.127	0.765	-0.199	0.482	0.044	
0.084	1.512	0.248	-0.592	1.057	0.186	3.225	0.544	
1.391	-0.081	0.392	0.226	3.005	-0.461	2.114	-0.012	
0.170	2.885	-0.093	0.023	0.089	-0.446	0.049	-1.484	
0.005	-1.149	-0.077	0.440	0.404	0.434	0.863	-0.612	
0.343	-0.247	0.028	-0.432	0.242	0.271	-0.087	-1.498	
2.112	-0.869	0.320	-0.125	0.324	-1.216	-1.210	0.842	
0.609	2.771	-0.452	-0.590	
0.734	0.874	-1.072	0.172	
-0.115	-0.037	0.712	0.310	
