6
16 16 8 8 8 4 3 
2.539	0.086	-0.109	-1.433	-0.016	0.117	0.242	-0.261	-0.353	-0.171	-0.608	0.415	-0.189	-0.301	-1.954	-0.006	
0.971	-0.284	-0.255	2.003	0.072	0.154	0.089	-0.234	0.504	-0.267	0.992	-0.237	-1.864	3.477	-0.293	-0.312	
-2.440	-2.176	0.239	0.079	0.529	0.168	-2.482	-0.013	0.744	-0.632	-0.104	-0.153	0.412	-0.268	0.375	0.549	
0.254	1.127	1.479	0.049	-2.174	0.356	-0.064	-0.090	0.280	-0.958	1.836	-0.043	1.682	0.416	-1.581	0.994	
2.606	0.162	-0.156	0.044	-1.003	-0.909	-0.068	0.975	-0.184	0.176	-0.147	0.261	0.229	-0.453	-1.349	1.504	
0.285	-1.042	0.758	-0.505	0.005	-0.137	0.244	-0.187	-0.397	0.193	0.198	-0.268	0.425	-0.015	-0.584	1.116	
-0.246	0.014	-0.150	0.325	-0.607	2.538	-0.400	-0.114	0.058	-2.736	-0.205	0.437	-2.584	0.477	-1.611	-0.172	
-0.043	0.308	0.707	0.918	-0.022	0.139	-0.081	-1.430	0.111	-1.458	-0.901	-0.164	0.182	3.675	0.837	-0.154	
-0.276	0.648	-0.121	-0.175	0.774	1.663	-0.852	-0.837	-0.367	0.524	-0.446	0.300	-1.428	-0.324	0.138	0.415	
0.203	0.102	0.293	0.343	1.028	-1.296	0.139	0.003	0.150	-0.156	1.609	2.256	5.122	0.986	-0.530	-0.041	
-0.002	-0.112	-0.094	1.501	-0.550	-0.083	0.676	0.096	0.268	-0.106	0.077	1.488	-0.081	-0.203	0.079	-0.034	
-0.830	1.200	-2.686	0.376	-0.002	0.007	0.009	-1.299	-0.289	-0.237	-0.206	-0.050	-0.152	0.321	0.240	-0.138	
1.540	0.417	1.582	-0.088	1.355	0.558	-0.229	0.094	0.091	0.780	0.210	-1.560	-0.299	1.531	0.220	-0.472	
0.142	1.575	1.221	0.179	-1.534	1.976	-0.117	-0.098	0.133	-0.224	-0.601	0.275	-0.560	1.397	0.019	-0.267	
-0.470	0.232	-1.303	0.062	-0.277	-1.872	-0.221	0.130	-0.748	0.538	1.072	0.049	-0.907	0.072	-0.222	1.141	
-0.045	-0.008	0.036	-0.594	-0.065	-0.220	-0.051	0.137	-1.727	-0.068	1.557	0.048	1.872	-0.926	0.398	-1.992	
0.687	-0.244	-0.032	0.161	2.310	-0.944	-4.466	-2.326	-0.248	0.131	0.009	-0.243	2.054	0.251	-0.163	-0.070	
-0.300	0.140	-0.087	-0.667	-0.774	0.198	0.060	-0.276	0.167	0.069	-0.156	-1.625	-0.155	0.173	0.148	-3.065	
3.182	-0.937	-0.013	0.096	1.524	0.129	0.046	0.088	0.176	-0.048	-0.404	0.492	-1.106	2.277	-2.363	-1.817	
0.246	-0.048	-0.161	0.126	-0.227	-0.227	0.734	-2.408	0.120	1.422	0.118	-0.201	-1.088	0.065	-0.688	-1.707	
0.032	0.944	-1.881	0.205	-1.452	-0.024	-0.033	-0.930	0.080	-0.336	0.875	-0.185	-0.029	0.072	-0.049	0.513	
-0.150	0.040	0.092	-0.112	-0.399	-1.497	0.246	-0.066	0.220	0.086	0.699	-0.067	-1.205	0.937	0.684	-1.289	
-1.234	-0.114	-0.266	0.222	-2.185	-0.214	-0.286	-4.080	-0.267	1.635	1.415	0.112	0.346	-1.928	-0.003	1.307	
0.159	0.034	-0.776	0.092	0.153	-0.086	1.102	1.604	-0.082	1.212	0.247	0.017	1.347	-1.229	-0.076	-1.730	
1.263	-0.075	-0.389	-0.001	2.246	-1.828	0.054	-0.049	
-1.727	-0.437	-0.159	0.048	-0.739	-0.088	-1.264	0.050	
-0.038	-0.391	-0.954	-0.171	0.042	0.637	0.637	0.096	
-0.258	1.160	0.287	0.526	0.344	0.309	-0.007	0.052	
-0.358	-0.112	-0.634	-1.063	0.477	0.376	0.033	0.196	
0.677	-1.794	0.362	0.059	-0.870	0.091	-0.197	-1.321	
0.322	0.227	-2.316	-0.317	1.387	-0.961	0.216	0.437	
-0.955	-1.144	0.317	2.232	-0.135	-1.550	0.247	-0.351	
-0.361	-0.105	-0.609	-0.488	0.125	-0.332	0.428	0.376	
0.141	0.510	-0.234	-1.984	-0.562	-1.517	-1.553	1.114	
-0.311	2.043	0.142	0.333	-0.200	0.923	-0.769	0.138	
0.283	0.390	1.179	-0.330	-0.814	0.576	-0.780	0.051	
-0.402	0.423	-0.606	0.564	0.117	-0.125	0.356	-0.358	
0.466	-0.109	-0.375	0.117	-2.536	0.379	0.297	1.468	
-1.380	0.581	0.718	0.484	0.432	0.700	-0.572	0.314	
1.634	0.738	0.003	-1.649	-0.130	0.683	0.018	0.130	
-2.809	-0.160	0.873	0.193	0.682	-0.056	-0.953	-1.550	
-0.244	-0.048	-0.261	0.816	-0.842	-0.074	-0.639	-0.291	
-1.415	-0.449	-1.020	-2.525	-0.089	0.880	3.367	0.182	
0.624	0.284	-0.309	-0.347	0.156	-0.181	0.166	0.896	
-0.151	0.352	2.204	1.115	
-0.800	-1.652	-1.541	0.020	
-0.646	-0.627	-2.415	-0.096	
