6
16 16 8 8 8 4 3 
0.843	-0.909	-1.962	0.342	1.851	1.853	-0.312	1.745	0.139	0.047	0.921	0.037	0.744	-0.276	-1.849	0.736	
0.126	0.364	0.134	0.390	-0.045	-0.097	-0.546	-1.757	-0.191	0.220	0.254	1.970	0.074	-0.097	1.563	-0.844	
-0.555	-0.422	0.809	-0.085	-2.550	-0.038	-0.059	-0.067	0.221	0.092	1.484	0.166	-0.341	-1.098	0.661	0.423	
-0.029	-0.157	1.352	0.059	-0.380	-0.274	0.084	2.048	-0.060	0.238	-0.195	0.715	0.024	1.066	0.117	-0.080	
0.999	-0.271	-0.862	0.070	1.958	0.154	-1.528	-1.148	2.745	1.107	-0.338	-0.527	-0.274	0.197	0.433	0.412	
-0.378	-0.060	-0.317	0.591	-0.013	0.071	-0.013	-1.104	1.815	0.197	-0.044	0.256	-0.095	-0.220	-0.002	0.228	
-0.461	-0.168	-0.136	-0.421	0.028	0.298	0.990	1.087	-0.505	-0.239	-1.080	0.179	0.684	0.364	0.066	1.504	
-1.586	-0.039	0.392	0.114	-0.563	0.139	0.313	0.547	0.897	-0.716	0.230	-0.259	0.217	0.964	0.493	0.153	
-0.419	-1.172	-0.024	0.019	-0.172	0.627	-0.766	0.616	1.133	-0.070	-0.889	0.204	-2.151	0.170	0.070	0.386	
0.184	-0.819	0.180	1.607	-0.173	-0.114	0.934	0.009	0.305	-0.061	-0.030	-0.233	0.217	0.184	0.263	-0.119	
-0.759	-0.387	-0.255	-0.071	0.002	0.461	-0.621	1.606	0.125	-1.126	-0.726	-0.194	0.788	0.649	-0.052	1.718	
-0.250	1.001	0.137	-1.748	0.005	0.375	-0.055	-0.017	1.130	-0.052	0.400	1.038	-0.050	3.148	0.428	0.041	
0.097	-0.008	2.547	0.090	-0.396	0.155	3.120	-1.505	0.124	0.734	-0.046	-1.828	0.448	0.399	-0.968	1.657	
-0.094	-0.388	0.317	0.240	-0.290	0.862	-0.024	-0.140	-0.395	0.972	-0.201	0.168	0.262	0.060	0.413	0.026	
-0.890	-0.231	0.168	-0.526	0.043	-0.189	0.035	0.126	-0.229	0.000	-1.433	0.097	-0.501	0.280	0.971	-0.216	
-0.020	0.168	0.364	-0.235	0.953	-0.369	0.109	0.222	-1.110	-0.021	1.478	0.267	-0.206	0.226	0.377	-0.159	
-0.037	-1.458	-0.125	0.032	-0.069	-0.054	-0.232	-0.883	0.107	0.269	0.309	-0.460	-0.780	0.059	0.904	0.681	
0.071	-0.044	0.137	0.087	-0.074	-0.265	-0.249	-0.091	0.590	0.420	1.327	0.178	-0.980	0.722	0.888	-0.399	
-1.233	-0.218	0.801	0.109	-0.006	0.439	-0.421	-0.990	0.800	-0.311	0.073	-1.156	-0.066	-0.120	0.322	-0.005	
-1.398	-0.546	0.146	0.318	-0.007	2.045	-2.391	-0.022	-0.048	-0.574	-2.128	-0.166	1.398	-0.258	1.667	1.040	
0.006	-0.204	0.026	-0.163	-0.805	-1.512	0.047	-0.128	-0.240	-0.085	-1.452	-0.031	-0.407	0.190	-0.400	-0.199	
-1.096	0.193	0.280	0.807	0.173	0.903	-0.037	0.055	-1.021	0.225	0.100	-0.070	-0.243	-0.037	-0.122	-0.088	
-0.010	-1.073	-0.274	0.233	0.051	0.012	0.920	0.050	2.055	-1.103	0.323	-0.080	1.063	0.013	-3.714	-1.517	
0.729	-0.147	-0.139	0.001	-0.183	-1.898	1.654	0.292	1.052	-0.188	-0.095	-0.079	-0.823	0.145	0.422	0.669	
-0.358	-0.016	-0.550	0.166	-0.169	-0.731	0.781	-0.010	
0.447	-0.079	1.275	1.943	-0.114	-0.440	0.145	-0.162	
-0.155	-0.449	0.489	-2.197	0.971	-0.123	-0.371	0.415	
-0.139	0.194	-0.351	-0.161	-1.387	0.133	0.052	-0.102	
0.067	-0.295	-0.379	-0.579	-0.674	0.013	0.035	-0.093	
0.456	-0.081	-0.497	-0.344	0.728	0.288	0.627	-0.545	
1.897	-0.215	-0.092	0.646	-0.358	0.169	-0.203	-1.142	
0.392	-3.450	1.712	-2.003	0.535	0.024	-0.058	0.005	
-0.236	-1.633	0.262	0.190	0.195	-0.112	-1.325	0.024	
-0.219	0.133	0.748	-1.474	-1.512	-1.809	0.456	0.054	
-0.180	-0.865	1.577	1.892	-0.224	0.274	0.764	-1.615	
-0.665	0.095	1.234	-1.034	-0.143	-0.269	0.647	-1.475	
1.439	-0.322	0.363	0.495	-0.542	-0.093	-0.108	0.448	
-0.194	-0.440	-0.200	0.673	0.112	-0.494	0.652	-0.074	
-0.067	-0.300	1.102	-1.041	-0.153	0.142	-0.207	0.638	
-0.938	2.315	0.111	-0.685	0.108	2.325	-0.304	-0.003	
0.016	0.150	-0.233	0.441	0.048	-0.248	-0.720	0.185	
0.203	-0.001	0.155	0.354	0.678	-0.029	-0.792	-0.471	
0.343	-0.304	0.253	-0.447	0.243	-0.983	1.054	0.942	
-0.343	-0.126	0.217	-0.348	0.750	-0.058	0.301	-1.058	
0.403	0.532	-4.021	-0.616	
0.161	0.932	-1.468	-0.285	
0.458	-0.434	-0.831	0.527	
