6
16 16 8 8 8 4 3 
0.843	-0.093	-0.996	0.319	-0.034	0.246	-0.049	1.050	0.118	0.042	0.007	0.024	0.101	-0.340	0.378	-0.309	
-0.032	0.217	0.834	0.062	-1.067	-1.238	-2.105	1.792	-0.750	-1.280	-1.195	0.037	0.059	-0.090	-0.294	0.043	
0.128	-0.034	0.740	0.234	-0.006	0.103	0.015	-0.137	0.116	0.245	0.125	0.132	0.036	1.742	-0.244	0.084	
0.552	0.846	-0.040	0.081	-0.016	-0.393	0.764	1.256	-1.158	0.242	-1.152	0.019	0.145	1.470	1.984	0.375	
0.578	0.309	-0.070	-0.314	0.486	0.247	0.677	-0.983	0.079	-0.170	0.432	-0.881	-0.922	0.178	0.039	0.258	
-0.202	-0.098	0.805	-0.162	-0.227	0.925	-0.687	-0.138	0.051	-0.034	-0.348	-0.030	-0.130	-0.028	0.085	0.194	
0.062	-0.189	-1.215	-0.572	-1.154	-0.015	0.160	0.048	-1.009	1.357	-0.270	0.125	-0.141	-1.299	0.027	0.038	
-1.875	0.793	-1.379	0.202	1.402	0.012	0.924	-0.491	-1.127	1.717	-0.168	-0.881	-1.407	1.644	-0.194	-0.681	
-0.047	1.504	0.043	-0.062	-0.352	1.883	-0.813	0.803	0.881	-0.084	1.619	-1.148	-1.743	1.412	1.157	0.335	
1.715	0.075	-0.139	0.981	0.172	0.202	-2.282	0.034	0.566	1.108	-0.358	-1.616	0.115	0.021	-0.399	2.295	
-1.206	0.669	-0.101	2.074	0.021	-0.846	-1.426	-0.005	-0.310	-0.021	-0.012	-0.208	-0.081	0.269	-1.950	1.477	
0.373	-1.255	-0.720	0.384	0.648	0.060	-0.043	-0.158	0.269	-0.036	0.263	0.234	-0.209	-0.985	-0.310	0.559	
0.110	0.012	1.098	-0.261	-0.177	1.116	0.123	0.132	0.239	0.772	1.614	0.311	-2.000	0.227	0.341	-0.655	
-0.766	-1.449	0.191	-1.967	-0.218	-1.910	0.127	-0.156	-0.189	-0.144	0.627	0.143	0.206	0.054	0.266	-0.011	
-0.289	-0.873	-0.421	-0.797	-0.011	-0.220	0.141	0.119	-0.297	-0.093	0.027	-0.169	0.258	-1.208	-0.168	1.345	
0.136	-0.032	0.086	-0.282	0.954	-0.245	0.161	0.224	-1.460	-0.133	-0.220	0.169	-0.170	-0.067	0.184	0.645	
-0.144	-0.371	-1.444	2.065	0.096	0.224	-1.612	1.991	1.685	0.619	3.578	0.242	0.199	-0.010	0.913	0.066	
0.071	-2.374	-0.769	0.623	-3.546	-0.284	0.136	-0.617	-1.791	0.311	-0.358	0.607	0.255	2.956	0.363	-0.096	
3.696	0.920	-0.810	0.050	0.074	-0.185	-0.127	-0.427	-0.128	-0.177	0.196	-1.423	1.418	-0.726	2.216	0.082	
0.304	1.252	1.233	-0.204	-0.181	0.169	-1.205	-1.459	-0.124	0.678	1.012	-0.130	0.219	-0.650	0.667	1.886	
-1.198	0.695	-0.133	0.732	0.449	-0.107	0.217	-0.211	0.238	-0.107	-0.978	0.032	-0.087	0.075	0.077	1.202	
-0.742	-1.468	-0.671	-0.084	0.097	0.412	-0.095	-1.605	1.964	0.280	0.142	0.099	-0.778	0.617	0.926	-0.165	
-0.968	0.127	-0.151	0.233	0.048	0.739	0.226	-2.611	-2.424	0.275	-0.022	-0.824	0.189	-0.903	-0.047	-0.190	
0.434	-1.843	0.522	-2.525	-0.118	1.886	-1.269	1.240	0.277	-0.213	-0.046	-0.079	0.031	0.114	-0.953	0.365	
-0.331	0.205	0.376	0.052	-0.384	-0.265	0.618	-0.797	
-0.919	0.100	-0.606	-1.641	-0.219	-1.393	-1.064	0.092	
0.432	2.071	0.197	0.389	-0.163	-0.004	0.268	2.133	
0.343	-0.589	-0.006	0.144	0.021	0.154	3.225	0.029	
-0.112	-0.343	-1.243	1.291	-0.560	1.150	0.218	-0.260	
2.679	-0.209	-0.495	-0.189	0.143	-2.404	-0.010	-0.504	
0.405	-0.242	-2.786	-0.778	-0.739	-1.624	-0.074	-0.180	
-0.227	0.274	-0.126	1.808	0.517	-0.173	-0.568	0.035	
0.011	-0.845	-0.199	0.837	-0.056	-0.884	0.480	0.258	
1.734	0.046	-0.545	-0.322	-0.420	-0.010	0.298	0.003	
-0.479	1.339	0.332	-0.197	-0.197	-0.408	2.346	-0.009	
-0.658	-0.871	0.100	-1.117	0.361	-2.294	-0.340	0.158	
-0.313	-0.415	1.085	0.328	-0.443	0.857	-0.414	0.407	
0.781	-0.267	-0.194	-1.037	0.166	-0.053	0.451	0.430	
0.185	-0.124	-0.176	-0.708	-0.168	0.128	-0.148	0.522	
-0.924	-0.018	0.159	-0.241	0.227	-0.328	-0.360	-0.917	
-0.371	-0.005	-0.147	0.350	-3.405	-0.389	0.386	0.082	
0.401	0.109	-0.010	0.171	-0.606	0.017	0.639	1.276	
0.529	-0.004	0.116	-0.617	1.423	-0.620	0.027	2.282	
0.147	-0.167	0.217	-1.690	0.244	0.866	0.486	0.307	
2.509	-0.076	2.182	0.039	
0.043	0.626	-0.361	-0.588	
-1.169	-3.621	0.210	0.238	
