6
16 16 8 8 8 4 3 
0.160	-0.874	-1.101	-1.811	0.924	-0.677	0.107	-0.047	0.128	-0.352	0.338	-0.199	-0.538	-1.673	0.078	0.715	
0.383	0.081	0.296	0.259	-0.121	-1.638	0.045	-0.061	-0.705	0.158	0.765	0.156	-0.171	2.439	1.647	-0.123	
0.117	0.407	0.025	-0.149	-0.079	1.470	-1.460	-0.284	-0.280	-0.210	-0.196	0.374	1.111	-0.048	2.096	-0.418	
-0.210	0.315	1.209	-0.803	-0.540	-0.048	-0.186	0.646	-0.606	0.134	3.369	-1.003	0.868	-0.124	1.292	-0.159	
0.288	0.081	-0.196	-0.021	-0.105	-0.540	0.006	1.025	-0.670	0.036	0.389	0.228	-0.194	-0.113	-0.093	-0.185	
2.094	0.205	0.111	-1.814	-0.013	-0.273	-1.444	1.515	0.638	-1.557	-0.333	-0.849	0.005	0.036	0.885	-0.306	
1.182	-0.891	0.469	-1.624	0.180	-1.205	0.217	-0.347	0.138	-1.966	0.326	0.557	-0.345	0.270	0.131	-0.224	
0.073	0.128	0.177	0.275	0.074	0.648	0.518	0.257	-0.208	0.491	1.123	-2.068	0.026	-0.250	1.690	-0.089	
0.273	-0.756	0.187	1.883	0.106	-0.266	0.005	-0.966	-0.000	0.059	-0.282	0.102	0.451	-0.229	0.042	-0.553	
-0.178	-0.175	0.085	0.636	-0.388	1.205	0.089	0.079	-0.376	1.414	2.266	-0.057	-0.134	0.036	-0.126	-0.372	
0.127	3.174	0.176	-1.488	0.103	1.094	-0.123	0.353	0.077	-1.169	-1.335	0.218	0.142	-0.018	-0.354	-0.545	
1.016	-1.969	-0.282	-0.057	1.178	0.508	0.538	-0.408	-0.180	1.076	0.100	0.066	-0.250	0.165	-0.022	0.005	
-0.998	-1.123	0.140	-4.046	-0.003	0.335	0.187	0.277	0.859	1.125	-0.071	0.039	0.012	0.770	0.282	0.947	
-0.230	-3.393	1.222	-0.616	-0.180	-1.393	-0.390	-1.692	-1.734	1.148	-0.114	-0.233	-2.290	-0.655	-0.009	-1.277	
1.329	-0.045	-0.123	0.617	0.143	-0.161	0.096	1.004	-0.110	0.050	0.038	-1.643	-0.024	-0.080	0.185	0.200	
-0.210	0.102	-0.103	1.424	-0.448	1.677	0.326	-0.611	-0.445	0.520	-0.099	0.016	-0.112	0.185	-1.280	-0.803	
0.071	-0.575	0.801	-0.910	2.326	-0.433	0.277	0.222	0.669	-0.087	0.014	-0.211	-0.068	-0.461	-0.518	0.287	
-0.614	-1.727	0.194	0.890	-0.102	0.767	0.295	-0.089	-1.014	-0.822	0.106	1.054	0.304	-0.153	-1.296	-0.185	
-0.297	-0.191	0.622	0.199	0.105	1.043	2.149	-0.161	-1.434	-1.882	1.535	0.258	-0.262	-0.271	-0.131	0.182	
0.597	-2.422	-0.025	0.438	0.179	-0.167	-2.074	2.842	-1.220	0.085	-0.166	0.730	0.440	0.234	0.050	-0.136	
-1.693	0.082	0.299	0.077	-0.361	0.237	1.599	-1.098	-0.097	-0.226	-0.135	-0.168	-0.670	1.240	2.813	-0.001	
-0.311	1.291	-0.115	-0.057	1.000	-0.087	-0.454	0.261	-0.998	0.244	-0.113	0.109	-1.678	0.046	0.130	-0.228	
0.129	0.199	0.026	-0.240	0.417	0.317	0.588	0.225	0.218	-0.033	0.112	-0.940	0.758	1.684	-0.399	0.119	
-0.185	0.166	-0.111	-4.165	-0.255	1.063	0.204	-0.268	-0.432	-0.171	-2.111	-1.391	0.027	-0.218	0.262	-0.011	
0.171	0.298	-0.472	2.473	-0.104	0.180	-0.143	0.183	
1.702	-0.187	0.974	0.205	-1.980	0.421	0.001	2.466	
0.412	-0.540	-0.062	1.204	0.229	-1.044	-0.389	0.066	
-0.004	-0.478	0.235	-0.125	-0.045	-0.166	-0.405	-0.315	
0.053	1.377	0.079	-0.305	1.349	0.341	0.596	2.171	
-1.786	0.165	-1.020	0.196	-1.213	1.768	-0.379	0.469	
-0.566	-0.829	-0.491	-0.386	0.935	0.220	-1.300	-0.420	
0.107	0.289	0.960	0.218	-0.032	-1.612	-0.247	-1.412	
-0.450	1.725	-0.243	0.622	0.831	-2.242	0.984	0.908	
-1.924	0.776	0.312	0.252	2.151	0.482	0.301	0.455	
-0.515	0.345	-1.601	-0.190	-1.266	1.675	0.462	-0.106	
1.734	-0.393	0.146	-0.499	-0.089	0.313	1.706	-0.184	
2.336	-0.173	-0.451	0.341	-1.196	-0.327	0.148	0.187	
-0.199	0.637	-0.208	-0.213	0.596	-0.311	-1.044	0.702	
-0.138	-0.861	-0.220	0.675	-0.015	-0.232	-1.473	-0.352	
0.285	0.213	2.027	-0.581	-0.033	0.588	0.557	-0.814	
-0.420	0.228	0.627	0.256	0.096	-0.554	-0.701	1.504	
0.651	0.221	0.386	0.446	-0.046	-0.699	-0.760	1.759	
-0.052	0.861	0.020	-0.612	-0.165	1.185	0.324	0.295	
-0.550	0.263	-0.121	-1.000	0.004	3.385	-0.930	-0.233	
-2.229	0.233	0.564	2.284	
-1.905	0.707	0.169	4.282	
-0.329	0.548	-1.457	1.387	
