6
16 16 8 8 8 4 3 
-0.553	-0.680	-1.962	0.342	2.410	1.853	-0.312	0.325	0.139	0.425	0.349	0.037	0.175	-0.276	0.022	0.736	
0.126	0.239	0.134	0.051	-0.045	-0.097	-0.546	-1.757	-0.191	0.220	0.254	1.177	0.074	-0.097	1.563	-0.844	
-0.555	-0.118	0.809	0.201	-2.550	-0.038	-0.059	-0.067	0.221	0.092	1.484	1.338	-0.064	-0.338	-0.284	-0.513	
-0.029	-0.157	1.352	0.059	-0.205	-1.998	0.084	1.295	-0.060	0.238	-0.195	-1.283	0.024	0.097	0.117	-0.080	
-0.069	0.845	-1.323	0.070	1.958	0.154	-1.528	-1.148	0.724	0.063	-1.002	-0.009	-0.388	0.197	-0.895	0.412	
-0.865	-0.755	0.474	-0.088	-0.013	0.071	0.984	-0.243	2.884	1.137	1.146	0.256	-0.095	-0.220	-0.002	0.228	
-0.506	-0.168	-0.136	-0.421	0.078	0.177	0.990	1.144	-0.505	-0.239	-0.512	0.179	-0.303	0.044	0.066	1.504	
-1.586	-0.039	0.025	0.114	-0.050	0.139	0.313	-0.122	0.897	-0.716	0.230	-0.259	0.217	0.527	0.493	-0.095	
1.189	0.680	-0.024	-2.239	-0.929	0.627	-0.766	-0.429	1.133	-0.070	0.103	0.204	-2.151	0.170	0.070	0.095	
0.003	-0.819	0.180	0.582	-0.173	-0.114	0.160	0.009	0.420	-0.061	-0.030	-1.996	-1.445	0.375	-0.157	-0.119	
-0.759	0.064	-0.255	-0.071	0.115	0.355	0.345	-0.007	0.125	-0.447	-1.204	0.537	0.788	0.219	-0.052	1.718	
-0.250	1.001	0.137	-0.163	0.005	0.118	-0.055	-0.017	1.130	-0.052	0.151	0.632	-0.050	3.148	0.428	0.041	
0.097	-0.008	0.279	0.090	-0.396	0.155	3.120	-1.875	0.124	0.734	0.113	-2.886	-0.311	0.399	-1.330	0.187	
-0.094	-0.523	0.317	0.240	-0.290	0.862	-0.024	-0.140	-1.334	0.603	-0.201	-0.285	0.262	0.968	0.413	0.026	
-0.292	-0.231	0.168	-0.526	-0.120	-0.285	0.897	0.126	-0.801	0.000	0.089	0.097	0.049	-0.133	1.217	0.361	
-0.206	0.168	0.364	-0.235	0.094	0.436	0.109	-3.157	-1.110	0.181	-1.417	-1.561	-0.206	0.226	-0.382	-0.159	
-0.037	-1.458	-0.125	0.032	-0.069	-0.054	-0.232	-0.883	0.107	0.269	0.278	-0.460	-0.328	0.059	0.192	0.681	
0.071	-0.044	0.137	0.087	-0.074	0.378	-0.309	-1.510	0.057	0.420	2.425	-0.165	-1.096	0.074	0.888	1.592	
-0.155	-0.218	-0.270	0.109	-0.006	0.439	-0.421	-0.152	0.065	-0.120	0.073	-1.156	-0.023	-0.120	0.015	0.802	
-1.398	0.404	0.146	-1.996	-0.018	2.626	-1.730	-0.022	0.302	-0.574	-0.070	-0.166	0.128	-0.258	1.667	1.183	
0.628	-0.204	0.026	-0.163	-0.805	-1.512	-0.270	-0.128	1.181	-0.085	-1.452	-0.031	0.058	1.591	-1.975	-0.257	
-0.165	0.193	0.280	0.089	0.173	1.819	-0.037	0.055	-1.021	0.225	0.100	0.654	-0.243	-0.037	-0.122	-0.088	
-0.010	-0.461	-0.274	0.233	0.051	0.012	0.178	0.050	0.294	-1.379	0.323	-0.080	0.256	0.013	-3.714	-0.154	
0.015	0.126	2.805	0.001	-0.183	-1.898	0.044	-0.420	0.186	-0.188	-0.095	0.723	0.031	0.145	0.422	0.669	
-0.358	-0.016	-0.140	0.166	-0.169	-0.573	0.781	-0.010	
0.005	-0.158	1.275	1.784	-0.821	-0.440	0.145	-0.162	
-0.155	-0.449	0.489	0.271	0.971	-0.123	0.215	0.415	
-0.139	-0.700	0.162	-0.161	-1.387	-0.859	0.052	-0.102	
0.067	-0.295	-0.379	-0.579	-0.097	-0.217	0.473	-0.093	
-0.796	-0.081	-0.497	-0.344	-1.643	-0.309	0.627	-0.769	
1.110	0.743	-0.092	0.646	-0.358	0.169	-0.203	-0.098	
-0.265	-3.450	1.712	-0.120	0.535	0.024	-0.058	0.415	
0.062	-1.633	-0.100	0.190	-0.095	-0.112	0.236	1.364	
0.254	0.133	-0.252	0.015	-0.487	-2.432	0.534	0.054	
-0.180	-0.056	0.278	1.755	-1.038	0.274	0.764	0.044	
-0.639	0.095	-0.307	-1.034	-0.948	-0.269	0.647	0.191	
1.439	-0.547	0.363	0.495	-0.542	0.231	-0.108	0.448	
-0.194	-0.440	-0.200	-0.021	1.176	0.328	0.652	0.823	
-0.067	1.599	0.173	-0.749	-0.153	-1.064	-0.207	0.506	
-0.938	1.716	0.111	-0.349	0.139	0.386	-0.304	-0.003	
1.953	0.150	-0.233	0.441	0.048	-0.248	-0.720	0.508	
0.203	-0.001	0.461	0.354	0.065	-0.029	-0.016	-0.471	
0.343	-0.304	0.253	-0.350	0.248	-2.500	1.054	1.456	
-0.343	-0.126	0.217	-0.348	-0.572	-1.432	0.301	-1.058	
0.403	0.532	-1.634	0.859	
0.161	0.932	-2.353	-0.285	
0.458	-0.434	-0.831	0.527	
