6
16 16 8 8 8 4 3 
0.670	-0.261	-0.201	-0.360	-0.631	-0.030	-0.395	0.782	0.173	0.119	0.286	-0.193	0.131	-0.128	-3.257	-0.257	
-0.131	-0.380	-0.044	-0.888	0.046	-0.040	-0.393	-1.494	0.007	-0.443	1.566	0.117	0.212	-0.053	-0.239	0.519	
0.255	-0.529	-0.054	0.462	0.082	0.393	1.401	-0.135	1.293	-1.321	0.166	0.233	-0.046	-0.708	-0.696	0.085	
0.055	-0.107	-0.035	0.010	-0.083	-0.302	-1.126	0.236	-0.292	1.707	0.051	-0.004	-0.183	0.951	0.222	0.697	
-1.056	0.254	-0.747	0.078	-1.774	-0.295	-1.159	-0.089	0.049	-0.185	1.367	-2.051	-0.109	-1.053	1.937	0.199	
0.105	0.726	-0.070	-0.741	-0.065	0.259	0.157	-0.021	0.325	0.048	-0.068	-0.657	-0.355	-0.122	0.128	0.254	
-0.006	-0.132	-2.645	0.086	-0.748	-1.785	0.385	0.825	-0.329	-0.055	-0.940	0.221	0.815	0.243	-0.012	0.028	
0.719	0.118	-0.061	0.147	1.005	-0.427	-1.190	-0.603	0.110	-0.335	3.243	-0.066	0.295	0.839	-2.307	-0.094	
0.163	-0.184	1.473	-0.482	-0.012	-0.979	-0.074	-2.027	-0.135	-0.487	1.116	-0.124	0.051	0.098	1.093	-0.606	
-0.388	0.121	-0.117	0.345	0.403	-0.088	0.327	-0.141	0.413	-0.221	1.149	-0.369	0.238	-0.529	0.058	0.156	
1.416	2.800	0.110	-0.023	-0.020	-0.151	-0.218	0.149	0.712	0.905	-0.200	2.087	-0.074	0.373	0.553	-1.494	
0.795	-0.182	2.090	-2.999	-0.523	-1.068	0.399	-0.063	-0.166	0.095	0.043	0.272	-1.325	-0.546	0.303	0.154	
3.699	-0.841	-0.076	2.156	-0.477	-1.294	-1.224	0.208	0.188	0.074	0.977	0.234	-0.765	0.710	0.113	0.352	
-1.332	0.175	0.153	-0.269	0.225	1.117	0.557	-0.980	-0.305	0.006	0.656	-1.562	0.232	-0.953	-0.301	0.040	
-0.224	0.063	0.252	0.195	-0.062	1.157	0.193	1.345	0.550	0.044	0.048	-0.986	0.449	0.059	-0.530	-1.415	
-0.297	0.139	-0.237	-1.058	-0.106	-1.083	0.113	0.236	0.003	0.119	-0.665	0.193	-1.396	0.063	0.220	-0.614	
0.013	1.238	-0.217	0.230	-0.268	-0.167	0.044	-0.785	0.134	-0.091	-0.006	0.130	-0.299	1.798	0.128	-1.296	
0.320	0.054	0.003	-0.053	-0.007	-0.312	0.083	0.321	-0.056	0.225	-0.153	0.147	-0.161	0.058	0.213	-0.179	
-0.054	0.003	-0.782	1.791	-0.050	-0.205	-0.708	-0.280	1.116	-0.230	-0.014	1.395	1.504	-0.154	0.334	0.209	
-0.066	-0.069	0.718	-0.535	0.007	0.060	0.644	-0.218	0.165	3.113	1.060	-0.025	-0.017	0.161	0.788	0.075	
-0.470	-0.152	0.715	-0.162	0.100	0.870	0.589	-1.022	0.656	-0.119	-0.004	0.100	-0.130	1.146	-1.096	0.403	
-0.329	0.224	0.966	-0.170	-0.676	1.007	0.101	0.582	0.007	-0.048	0.184	-1.023	-0.147	0.981	-0.195	-0.310	
0.552	0.229	0.090	0.239	0.094	-1.132	0.296	1.420	-0.888	-0.571	0.463	0.468	0.230	1.658	0.452	-0.287	
0.096	0.198	-0.213	-0.029	0.308	0.128	0.209	-1.010	0.104	-0.539	2.197	-0.166	0.230	2.259	0.511	0.448	
-0.255	0.043	-0.195	2.342	-0.216	-0.483	0.725	-0.143	
0.049	-0.406	0.351	-0.225	0.205	-0.077	0.064	0.069	
-0.016	-0.206	0.160	1.100	1.083	0.393	1.443	0.424	
-0.091	0.960	0.243	0.375	-0.027	2.544	0.414	0.748	
-0.419	0.517	-0.060	1.034	-0.276	0.537	-1.587	0.163	
-0.433	-0.275	0.141	-0.123	1.200	0.445	0.173	0.164	
0.639	0.026	-0.203	-0.154	-0.049	-0.150	-0.030	-0.286	
-0.116	0.358	0.879	-0.590	1.377	-0.303	0.068	0.323	
-1.347	-0.164	-0.057	0.307	-0.037	-0.360	0.942	0.894	
2.088	-0.449	0.231	-0.103	-0.502	1.119	-0.528	0.271	
1.231	-0.009	0.248	-2.681	-0.082	-0.147	3.178	-0.299	
-0.345	-1.249	-0.332	-0.144	-1.062	0.064	0.130	0.103	
-0.099	-1.638	0.054	0.185	-0.228	0.633	-0.006	-0.742	
-0.431	-0.136	0.404	0.232	-0.101	-0.075	0.064	0.044	
-0.489	0.045	0.277	-0.617	-0.186	0.100	-0.832	-0.552	
-0.393	0.046	1.434	0.690	-0.533	-0.075	-0.547	-1.194	
-0.083	0.873	-1.872	0.633	-0.148	-0.899	0.067	0.139	
0.077	3.947	0.404	1.461	-0.061	-0.242	-1.883	-0.292	
1.089	0.112	0.120	-0.253	-0.750	0.342	-0.389	0.483	
-0.369	-0.139	0.866	0.359	-0.294	0.130	0.978	-1.196	
1.158	-1.501	-1.678	-0.929	
0.425	-1.164	-0.173	0.326	
-0.894	-0.434	1.231	0.248	
