6
16 16 8 8 8 4 3 
-0.423	-1.041	-1.473	0.342	1.851	2.056	-0.312	0.325	-0.507	0.047	0.349	0.037	-1.565	-2.071	0.022	0.736	
0.126	0.239	-2.969	-0.081	-0.045	-0.097	-0.181	-4.001	1.295	-2.580	0.254	0.079	1.347	-0.097	1.234	0.036	
-0.211	-0.118	0.809	1.074	0.129	-0.038	-1.303	-0.067	-1.531	0.092	1.753	1.468	0.696	-1.343	-0.284	0.827	
-0.029	-0.157	1.352	0.086	-0.205	1.385	0.084	1.295	-0.060	1.859	0.210	0.193	-0.205	0.097	-0.249	1.231	
-0.069	0.845	1.148	0.070	1.642	0.442	-1.528	-2.147	0.177	-1.031	0.451	-0.009	-0.274	0.197	2.474	0.412	
0.333	-0.025	0.205	-0.088	-0.723	0.071	2.737	-0.243	1.684	0.197	-0.044	-1.110	-0.431	-0.220	-0.002	0.228	
-1.710	-0.168	0.162	-0.421	-0.927	0.177	0.444	1.144	0.023	-0.239	-0.270	0.179	-0.395	1.816	1.882	1.504	
-1.586	1.513	0.025	0.039	-0.050	0.139	0.343	0.552	0.911	-0.716	0.952	-0.259	-0.949	0.964	-0.450	-0.095	
0.096	-0.678	-0.024	0.019	-0.172	-1.550	-2.428	-0.266	1.133	0.383	0.247	0.204	0.553	0.067	-2.392	0.475	
0.003	-0.709	-0.326	0.582	-0.173	-0.114	0.160	0.009	0.076	-0.061	-0.030	-0.233	0.370	0.184	0.263	0.175	
-0.759	0.064	-0.255	-0.071	0.115	1.046	-0.023	-0.007	0.125	-0.006	-0.148	-0.194	-0.539	0.219	1.031	1.718	
-0.085	0.460	0.137	-0.163	0.005	0.342	-0.055	-0.017	0.172	-0.052	0.272	0.853	0.167	0.270	-0.525	0.041	
0.097	-0.008	0.279	0.090	-0.396	-0.044	2.563	-1.875	0.124	1.576	0.018	0.160	-0.311	0.399	-0.304	1.238	
-0.094	0.153	0.317	0.001	-0.290	0.862	-1.291	-0.896	-0.194	1.507	-2.432	0.168	-0.506	0.771	-0.139	0.026	
-0.292	-0.231	0.168	-0.512	-0.120	-0.189	-2.171	0.126	0.575	0.000	0.059	0.097	-0.577	-0.133	-0.295	-0.101	
-0.206	0.168	0.364	0.162	1.060	-1.207	0.109	0.266	-0.439	1.599	-1.417	0.267	-0.035	0.226	0.377	-0.159	
-0.037	-2.510	-0.125	-2.985	0.096	-0.054	-0.129	-0.883	0.107	0.602	0.278	0.125	2.058	0.059	0.192	0.265	
0.071	-0.044	0.137	0.761	2.956	-0.026	-0.041	-0.124	-0.354	0.420	1.265	1.477	-0.250	0.074	1.328	1.085	
-1.358	-0.218	-1.412	0.109	-0.006	0.439	-0.534	-0.172	0.065	0.967	0.073	-1.156	-0.023	-0.120	0.015	-0.005	
-1.398	1.167	0.146	-1.310	0.782	0.093	-0.272	-0.022	-0.048	-0.574	-0.070	-0.166	-0.161	0.109	1.667	0.150	
0.006	-0.204	0.026	0.126	0.101	-1.512	0.047	-0.128	0.196	-0.085	-0.026	-0.727	0.058	0.190	-1.649	-0.118	
-0.165	0.193	0.280	-1.114	0.156	1.819	0.881	0.055	0.331	0.225	0.100	-2.178	0.404	-0.037	0.992	-0.088	
-0.010	0.016	-0.130	-0.584	0.051	0.276	0.226	0.050	0.294	-1.103	0.323	-0.080	2.294	0.798	-4.201	-0.110	
-1.524	-0.147	1.395	0.001	-0.231	-1.898	0.044	0.292	-0.416	0.596	-1.836	0.194	-0.781	0.145	0.422	0.152	
-2.306	-0.016	0.022	0.166	-0.169	-0.573	1.369	-0.010	
0.005	-0.079	-0.416	1.784	-1.059	-0.440	1.466	-0.162	
-0.155	0.491	1.555	0.271	0.835	-0.123	0.215	0.415	
-1.431	-0.257	0.162	-0.161	1.185	0.133	0.052	-0.102	
-0.493	-1.218	-0.220	0.124	1.614	0.339	0.473	-0.093	
0.456	1.279	-1.360	-0.344	0.228	0.288	0.627	-1.712	
1.110	-0.829	-0.092	0.304	-0.358	0.169	-1.809	-0.098	
-1.048	-1.173	-0.117	-1.236	0.535	0.024	0.031	0.005	
-0.236	0.716	-0.100	0.190	-0.095	-0.579	0.198	0.024	
0.254	1.197	0.128	0.015	-0.487	-1.809	0.456	0.054	
0.168	-0.056	-1.202	1.755	0.017	-1.509	0.764	-0.076	
-0.665	0.433	-1.710	-0.376	-1.039	-2.059	0.647	-0.749	
1.439	-0.322	0.597	0.495	1.050	-0.726	-1.132	0.336	
-0.194	0.102	-0.200	-0.021	0.112	-0.494	0.652	-0.074	
-0.067	-0.200	0.173	0.030	-0.748	-0.857	0.266	0.998	
-1.682	0.814	0.487	0.842	-1.077	1.017	-0.304	-0.003	
1.491	0.150	-0.233	0.441	0.657	-0.248	-0.720	0.185	
-0.278	-2.744	0.186	0.354	0.065	0.730	-0.016	-0.390	
-1.233	-0.304	0.119	-0.350	0.243	0.271	0.366	0.058	
-1.492	-0.126	0.217	-0.348	-0.572	-0.058	0.699	-1.058	
0.560	-0.722	-3.142	-1.661	
0.664	0.932	-1.468	-0.285	
-0.104	-0.434	0.374	1.317	
