6
16 16 8 8 8 4 3 
-0.365	0.108	-0.158	0.342	0.039	-0.167	-0.685	-0.669	0.529	-0.320	0.256	1.400	0.023	-0.356	-0.083	-1.297	
-0.799	0.215	0.129	-1.121	-0.015	-0.061	-0.546	0.231	0.777	0.031	0.250	0.744	0.068	-0.130	-0.152	-0.072	
-1.191	-0.277	-0.368	0.125	0.081	-0.038	-0.126	-0.476	0.539	0.095	-0.124	-1.797	-0.075	0.761	-0.284	-0.050	
-0.231	-0.933	1.411	-0.055	-0.176	-0.257	2.381	1.945	0.165	0.236	0.225	0.639	0.112	2.057	0.148	-0.014	
-0.034	0.158	-1.439	-0.024	0.204	1.333	0.267	0.099	0.073	0.060	0.392	-0.831	-0.226	1.550	0.064	1.025	
0.380	-0.027	-1.221	2.605	1.149	1.447	-0.218	1.018	0.799	-0.188	1.275	-0.875	-0.294	0.117	0.867	0.193	
-0.024	-0.086	0.835	-0.949	0.108	1.187	0.114	-0.011	-0.796	1.084	-0.413	-1.678	1.398	1.805	-0.070	-1.110	
0.118	-0.478	-0.325	-1.453	-0.052	0.106	0.134	-0.018	-0.318	-0.374	0.267	1.779	0.187	0.050	-0.651	0.011	
-0.767	0.869	-0.018	2.915	0.338	0.308	-0.960	1.031	0.166	-0.914	1.494	-0.114	-0.348	0.020	0.149	0.299	
-0.069	0.193	-0.192	0.148	-1.556	-1.471	1.519	0.315	0.323	-1.119	-0.282	-0.171	-0.224	-1.260	-1.806	0.051	
1.333	0.099	-0.080	-0.144	0.061	-0.195	-0.137	-0.031	-0.269	-1.630	0.115	-0.271	0.305	-0.608	-0.069	-2.460	
0.380	-0.749	-2.158	-0.163	1.063	-0.729	2.158	-0.533	0.135	1.198	0.308	0.356	0.091	0.237	1.715	-0.006	
0.097	0.334	0.138	1.671	-0.593	0.204	0.100	-2.020	-0.017	0.114	-2.412	-0.038	-0.539	1.227	-0.352	-0.171	
-1.820	0.258	0.164	-0.075	-0.218	-1.413	0.097	-2.017	-0.171	-3.036	1.560	-1.055	0.050	0.118	0.086	-1.314	
-0.245	-0.402	0.093	-0.100	1.123	-0.239	0.934	0.157	-0.271	0.019	-0.017	-0.240	0.121	-0.077	-0.732	-0.752	
-2.096	-0.008	0.328	-0.197	-1.879	-0.046	1.275	0.004	-0.535	0.210	0.168	0.237	0.454	-0.591	0.426	-0.121	
0.744	0.179	1.912	0.075	-1.828	-0.034	-0.291	0.145	-2.074	-0.333	0.322	-0.274	0.556	0.630	-0.651	0.265	
-0.757	0.002	-2.120	0.162	-0.639	-0.408	0.884	0.046	-0.915	-2.370	0.422	0.335	0.887	-2.316	0.230	-0.169	
0.070	0.603	-0.275	0.046	-0.033	-1.656	-0.140	-0.131	0.027	-0.165	0.151	0.210	-0.001	-0.165	0.028	0.371	
-0.350	0.268	0.948	-0.810	-0.681	-0.123	-1.239	-0.106	-0.150	-0.504	1.009	-0.077	-4.471	0.026	0.229	0.150	
0.006	0.519	1.736	0.159	-2.383	-0.584	1.464	-0.181	0.133	-1.254	-0.605	-0.007	1.609	0.505	-1.002	1.606	
-0.179	2.362	0.270	-0.032	2.297	-0.113	-0.197	0.235	-0.054	0.269	0.459	-1.781	1.386	1.763	-0.076	1.324	
-0.026	-0.637	-0.220	-1.617	0.051	0.493	0.734	-0.161	-3.072	-0.197	0.072	0.016	-0.837	0.013	-0.077	0.437	
0.098	-1.035	0.407	-0.289	-0.630	-0.969	-0.308	0.068	0.952	-0.206	0.421	-0.215	0.370	0.049	0.279	0.183	
0.395	-0.080	0.009	0.188	-0.046	-0.695	0.797	0.779	
-0.377	0.934	1.086	0.525	-0.611	-0.552	0.145	-0.250	
1.207	-0.484	1.911	-0.087	-0.002	0.097	-1.229	0.934	
0.057	0.950	0.093	0.267	2.243	-2.261	0.112	-0.008	
0.204	-1.088	-0.679	-0.351	-0.300	0.038	1.773	0.369	
0.067	-0.081	-0.978	-0.344	0.255	0.147	0.372	0.757	
0.507	-0.250	0.155	0.304	0.297	0.064	0.178	0.062	
-0.163	1.654	-0.187	0.412	0.252	-0.133	0.036	0.204	
-0.298	-1.064	0.695	-2.110	-0.620	1.701	-1.497	0.002	
-0.817	0.150	-0.134	0.020	-2.300	-0.257	0.315	0.121	
0.527	0.320	-1.211	0.513	-0.281	-0.420	0.942	-0.256	
-1.123	-0.020	-0.064	-0.040	-0.016	-0.255	0.117	0.916	
-0.074	2.117	0.361	0.696	-0.533	1.094	-0.087	-0.564	
-0.124	0.439	0.095	0.127	0.104	0.322	0.209	0.113	
0.084	-2.181	0.248	-0.292	0.907	0.186	-0.186	0.544	
1.391	-0.081	0.392	-1.405	2.438	0.115	0.086	-0.012	
0.170	0.150	-0.093	0.023	0.089	-1.159	1.064	-2.067	
0.005	-1.149	0.706	0.440	0.981	-1.254	-0.016	-0.612	
1.066	-0.247	0.028	-0.432	0.875	-0.223	-0.087	-0.131	
-0.134	-0.205	0.320	-0.125	0.496	-0.372	0.301	0.842	
0.609	1.945	1.020	-0.590	
0.376	-0.641	-1.072	0.029	
0.522	-0.709	0.444	0.523	
