6
16 16 8 8 8 4 3 
0.228	1.155	1.150	-0.119	-0.046	0.148	1.002	1.175	-0.001	0.027	-0.289	-0.238	0.046	0.768	0.235	-0.203	
-0.001	0.076	0.178	1.342	-0.296	1.614	0.038	-0.192	-0.042	0.132	-0.101	0.819	1.510	0.143	0.269	0.011	
0.123	0.684	-0.181	2.053	0.156	-0.151	0.217	-0.237	-0.298	0.954	-0.350	-0.430	-0.032	0.272	-2.632	-0.140	
-0.226	0.037	0.105	0.046	-0.242	-1.193	-0.708	1.523	0.278	0.174	-1.110	2.042	-0.241	-0.519	-0.149	-1.382	
-2.421	-1.042	-2.054	-0.070	-0.241	0.142	-0.075	0.263	-0.951	2.495	-0.159	-0.133	0.255	1.640	0.026	-0.197	
1.092	0.022	-0.339	-1.334	0.040	0.076	0.133	-0.135	-0.431	0.158	1.343	-1.673	0.723	0.012	0.286	-0.122	
1.863	1.622	0.702	0.319	-0.038	0.310	0.026	0.071	-0.277	1.376	0.231	-0.740	-0.375	-0.214	-0.079	-0.315	
0.067	-0.063	-0.461	0.153	0.618	0.112	-0.108	0.659	-0.010	-0.429	0.167	-0.120	0.099	-0.071	-0.124	0.948	
-0.324	0.212	1.308	1.255	0.140	-0.087	-0.166	1.120	0.102	-0.328	0.204	0.004	0.186	-0.389	-0.294	2.190	
1.512	-0.252	0.246	-0.204	2.165	0.289	0.148	0.278	-0.284	-0.091	0.135	0.169	-2.165	0.083	-0.433	0.042	
0.131	-0.142	-2.250	1.421	-0.415	-0.149	0.402	1.189	-0.168	-0.206	-0.264	0.218	-0.159	0.302	2.669	-0.091	
1.512	0.135	0.077	0.156	-0.945	-0.932	0.907	-0.086	0.020	-0.715	0.213	-0.947	-0.091	-0.302	0.308	-0.005	
-1.642	0.319	-1.426	0.089	-0.258	0.201	1.946	-0.032	0.006	-1.877	-0.042	-0.733	1.168	-0.119	1.344	-0.247	
0.387	0.872	-0.735	0.541	-0.406	0.091	0.296	-0.142	-0.105	-0.176	-1.076	0.630	0.071	0.180	0.101	0.177	
0.100	0.856	-0.579	0.369	2.518	-0.158	0.690	1.764	0.023	-0.106	-3.141	0.061	-0.186	0.030	-0.525	-2.447	
0.032	2.014	0.042	-0.037	-0.070	1.568	-0.920	0.188	-1.464	-0.424	-0.074	-1.573	-0.041	-0.080	2.204	-1.009	
-0.765	0.257	0.023	0.236	0.016	0.533	-0.768	0.022	0.687	-0.129	0.245	0.089	-0.446	-0.117	-0.047	0.505	
-0.434	0.191	-0.079	0.017	1.801	1.026	-2.599	-0.117	2.413	0.085	0.093	-0.090	0.253	-2.232	0.141	0.207	
0.196	-0.292	-0.412	0.321	-0.007	-0.104	-0.047	0.111	-0.391	-0.017	0.025	0.077	-1.296	-0.228	-4.349	-0.266	
0.331	-1.002	0.130	1.931	-1.826	0.783	0.191	0.212	-1.566	0.226	-1.003	-0.261	0.242	0.983	-0.082	-1.972	
0.118	-0.279	1.053	-0.350	-0.892	0.182	-0.145	1.197	1.384	0.470	0.099	1.052	-1.602	0.695	-0.664	-0.119	
-0.268	-0.528	0.042	1.772	1.099	0.032	0.321	1.111	-0.108	0.096	-0.253	2.146	0.179	-0.019	1.663	0.185	
0.022	0.988	-0.938	-0.235	0.135	0.099	0.144	0.219	-0.077	-0.011	1.273	0.228	0.259	-0.428	0.500	-0.116	
1.010	-1.381	1.298	-0.250	-1.832	0.537	-1.027	-0.016	0.964	0.290	-1.624	0.404	-0.117	-0.248	1.024	-0.449	
0.041	0.616	2.306	-0.804	-0.133	0.408	0.162	-0.624	
-0.182	0.015	0.545	-0.047	-2.124	-0.144	-0.172	-2.202	
-0.191	2.035	-0.520	-1.036	0.380	-3.770	-1.420	0.317	
0.160	-1.015	-0.315	0.597	0.074	-0.349	-0.711	-0.615	
1.014	0.011	-0.880	0.335	0.144	-0.617	0.460	-0.469	
-3.490	0.639	-0.283	-0.173	1.488	0.123	0.699	0.366	
1.102	-0.174	-0.137	0.580	-2.787	0.030	-0.031	-0.348	
-1.191	1.696	-0.324	-0.334	-0.117	-0.734	0.486	0.673	
0.395	0.878	0.509	-0.871	0.119	-0.235	-0.502	0.403	
0.156	0.633	1.157	0.079	-0.107	0.665	0.391	-0.606	
-0.739	-0.525	-0.401	-0.265	1.347	-0.265	-0.535	0.294	
0.221	0.155	-0.018	-1.504	-0.202	-0.916	-0.411	0.446	
-0.481	-0.439	-1.887	-0.461	-0.155	-0.364	-0.340	0.361	
-1.186	0.450	0.535	-0.225	-0.731	-1.206	-2.328	-0.784	
0.286	-2.684	0.005	0.244	1.029	-0.002	-0.214	-0.069	
-0.087	0.014	1.771	-0.146	0.112	-0.310	-1.423	1.046	
0.255	-0.543	-0.642	0.088	0.068	0.846	-1.390	-0.101	
0.020	-1.393	0.889	-3.512	-0.293	-0.413	-0.417	-0.571	
0.244	-0.667	0.387	0.370	-0.081	-0.118	-0.326	0.036	
0.070	-1.041	-0.068	-0.564	-0.335	-0.402	0.719	0.052	
0.600	-0.902	-0.128	1.166	
0.261	1.859	-0.306	0.362	
0.165	0.302	0.309	-1.250	
