6
16 16 8 8 8 4 3 
0.241	-0.175	-2.087	0.055	-0.788	0.022	1.434	0.097	0.529	-0.117	-0.001	0.926	0.114	0.157	-0.402	-0.839	
-0.277	0.818	0.691	3.153	0.602	0.048	0.055	0.115	-3.369	1.204	0.058	0.319	0.049	-0.885	-2.552	-0.469	
1.720	0.766	0.149	-0.033	1.485	-0.533	-0.045	0.036	0.195	0.953	0.667	0.057	1.685	0.089	1.035	0.975	
0.579	0.031	-3.051	-2.726	0.242	0.179	0.117	0.745	1.305	-0.292	-0.035	-0.357	0.693	-0.149	-1.911	0.229	
0.117	0.191	0.995	0.074	0.030	-0.518	-0.627	0.173	-1.362	-0.143	0.367	0.205	-0.235	-0.613	-1.656	1.572	
-0.366	0.087	-0.121	-0.124	0.296	-0.175	0.048	-2.443	-2.292	-1.200	0.169	0.597	-0.157	-0.779	0.063	-0.024	
-1.051	0.220	0.561	0.102	-2.357	-0.111	-0.184	0.114	-0.094	0.162	-0.322	-0.115	0.675	0.167	-1.120	-1.404	
0.050	0.293	1.663	0.021	0.308	-1.125	0.386	0.975	0.259	-0.103	-0.207	0.167	0.205	-0.001	-0.357	-0.780	
-0.078	0.080	-0.289	-0.576	0.013	0.015	-0.362	-1.217	2.387	-0.967	-0.358	-0.026	0.531	0.104	0.293	0.004	
0.359	0.173	-0.138	-2.433	0.197	-0.119	-0.856	1.187	-0.269	0.810	-0.421	-0.224	-0.172	-0.039	1.533	0.655	
0.237	2.715	0.295	-0.534	-0.120	-0.004	-0.045	-0.182	0.069	-0.787	2.649	-0.218	-1.005	-0.691	-1.007	0.193	
0.393	0.247	-0.162	0.274	0.293	-0.101	-0.133	0.029	0.937	0.271	-0.138	0.103	-0.679	-0.413	-0.084	-0.403	
-0.013	0.679	-0.105	0.131	-1.426	-0.174	0.413	-2.053	0.369	-0.348	0.946	1.049	-0.244	-0.610	1.295	1.597	
-0.315	-0.949	0.109	0.196	0.129	-0.236	1.770	-0.103	0.074	-0.438	0.200	-0.232	-0.126	-0.956	0.283	0.818	
0.241	0.722	0.070	-0.495	0.796	0.159	-0.100	1.646	-0.895	0.246	-0.511	0.032	0.283	-0.262	-0.672	-0.066	
-2.763	0.219	-0.140	-0.293	0.082	-0.076	0.246	0.439	-0.333	0.004	-2.604	-0.113	-1.314	2.096	0.397	-0.601	
-0.308	0.000	0.077	0.351	0.793	-0.178	-0.151	-0.273	-0.089	0.496	-0.141	-0.975	0.955	-0.021	-0.015	2.499	
-0.195	-1.227	1.879	-0.771	-0.259	0.290	1.955	-0.027	0.166	0.111	0.086	0.122	-0.136	-0.273	-1.931	-0.148	
0.318	-0.010	0.458	0.264	-0.231	-0.146	0.960	-1.679	-0.275	0.614	0.574	-3.174	0.685	0.139	0.027	0.637	
0.311	0.726	-0.041	0.146	0.051	2.123	0.226	-2.247	0.026	-0.969	0.888	0.002	-0.327	0.120	-2.592	0.812	
-0.063	1.415	0.683	-0.062	-0.266	0.721	0.464	-1.258	-0.092	-0.139	1.071	-0.946	0.194	-0.095	0.758	0.115	
0.653	1.032	0.174	-1.217	-0.101	0.076	0.219	-0.633	0.656	0.163	1.754	0.002	-0.065	-0.055	0.818	-0.155	
0.786	0.249	0.278	0.615	0.945	0.083	-0.003	0.047	-0.000	2.007	0.130	0.403	0.261	-0.087	1.177	-0.377	
-1.197	-0.072	-0.153	0.887	3.595	0.100	0.762	1.434	-0.404	-0.127	2.336	-0.052	-0.019	0.879	0.355	0.569	
-1.286	0.941	0.600	-0.389	0.993	-0.310	0.033	-0.040	
-0.038	0.366	-0.280	0.785	-0.104	-0.191	-0.265	0.231	
0.065	-0.128	0.024	0.680	-0.541	-0.725	-0.812	0.366	
-0.388	0.442	-0.063	0.978	0.180	-0.372	-1.905	1.896	
0.974	-0.036	1.092	-0.213	-0.556	0.024	1.116	0.058	
0.445	0.371	-0.962	-0.514	0.184	-0.224	-0.470	1.637	
-0.359	-0.190	0.875	0.349	1.831	-2.087	-1.069	0.111	
0.117	-0.372	-0.240	-0.499	0.688	0.034	-1.598	-0.108	
1.654	0.148	1.013	-1.210	0.430	-1.834	0.771	-1.749	
1.803	-0.928	1.919	0.281	0.099	-0.387	-0.109	0.412	
-0.147	0.957	1.883	0.062	0.297	-0.165	-0.491	-0.971	
-0.398	1.452	-0.260	-0.212	2.890	-0.410	-1.331	-0.293	
0.030	0.495	-0.166	0.475	0.247	3.010	1.161	0.319	
1.276	-0.031	-0.764	0.135	-0.355	-1.033	1.195	-0.627	
-0.462	1.651	-0.015	0.193	-0.007	0.335	2.646	-0.342	
1.571	2.440	0.630	-0.347	-1.052	0.819	1.774	-0.228	
-0.569	0.465	-2.037	-0.107	0.252	-0.270	0.114	0.516	
0.371	-0.789	-0.083	-0.180	0.378	0.522	0.063	0.153	
0.042	-0.329	0.238	-0.001	2.220	0.332	-0.314	-0.367	
1.377	0.197	-0.320	0.713	-1.764	0.116	2.595	-1.268	
-2.022	-0.201	-0.320	0.016	
-0.274	0.807	0.877	0.357	
0.216	0.178	2.195	0.402	
