6
16 16 8 8 8 4 3 
-0.553	-0.453	-1.962	1.050	1.851	-0.679	1.881	0.325	0.139	0.047	-0.438	0.037	0.175	-0.276	0.022	0.556	
0.126	0.239	0.134	0.051	-0.045	-0.097	-0.484	-1.757	-0.191	0.220	0.254	1.049	0.074	-0.097	1.563	-0.844	
-0.555	-0.498	0.809	-0.085	-2.550	0.191	-0.059	-0.067	-0.066	0.092	-1.048	0.166	-0.064	1.517	2.361	0.084	
-0.029	-0.157	1.352	0.059	0.307	-0.274	0.084	1.295	-0.060	1.493	-0.195	1.277	0.024	0.097	-1.076	-0.080	
-0.069	0.845	-0.862	0.070	1.958	0.154	-1.528	-1.148	0.177	0.124	-1.002	-0.009	-0.274	0.197	0.433	0.412	
-0.610	-0.025	-0.317	-0.088	-0.013	0.071	0.519	-0.243	1.815	0.197	-0.044	0.256	-0.095	0.910	-0.002	0.228	
-0.506	-0.168	-0.136	-0.421	0.078	0.177	0.990	1.144	-0.505	-0.239	-1.080	0.179	1.070	0.364	-0.058	3.222	
0.367	-0.039	0.025	0.114	-0.050	0.139	0.313	-0.122	0.464	-0.716	0.230	-0.259	0.217	0.964	0.493	-0.095	
-0.907	-0.678	-0.024	0.019	-1.524	0.627	-0.766	0.096	1.133	-0.070	0.247	0.204	-2.151	0.170	0.070	0.299	
0.003	-0.819	0.180	0.935	-0.173	-0.114	0.160	0.009	-0.558	-0.061	-0.030	-0.233	0.217	0.252	-0.157	-0.119	
-0.185	0.064	-0.255	-0.071	-2.180	-0.121	-0.023	-0.007	0.125	-0.781	-1.204	-0.194	0.788	0.219	-0.779	1.718	
-0.250	1.001	0.137	-0.163	0.005	0.118	-0.055	-0.893	1.130	-0.052	0.151	0.506	-0.050	3.148	0.428	0.041	
0.097	1.150	0.279	-0.409	-0.396	0.155	3.120	-1.875	0.124	0.734	0.707	-1.828	-0.311	0.399	-0.564	0.187	
-0.094	-0.523	0.317	0.240	-0.290	1.543	-0.024	-0.140	-0.424	0.603	-0.201	0.168	0.262	0.060	0.413	0.026	
-0.292	-0.231	0.168	-0.526	-0.120	0.003	0.035	0.126	-0.801	0.000	0.089	0.097	0.049	-0.133	0.371	-0.216	
-1.149	1.678	0.364	-0.235	0.953	-0.369	0.109	0.222	-2.847	0.181	-1.417	0.530	-0.206	0.226	0.377	-0.159	
0.633	-1.458	0.582	0.032	-0.069	-0.054	0.399	-0.883	-2.184	0.269	0.278	-0.460	-1.413	0.059	0.192	0.058	
0.071	-0.044	0.137	0.087	0.774	-0.265	-0.309	-1.510	0.057	0.420	-0.134	0.178	-0.738	0.074	0.888	1.592	
-0.155	-0.218	-0.270	1.505	0.250	0.439	-1.187	-0.805	0.065	-0.120	-1.212	-1.156	-0.023	-0.120	0.015	-0.005	
-1.398	0.404	0.146	-3.713	-0.018	2.626	-1.730	-0.022	0.512	-0.574	-0.070	-0.166	0.128	0.300	1.667	1.040	
-0.101	-0.204	0.026	-0.163	-0.805	0.101	0.047	-0.128	0.196	-0.085	-1.375	-0.031	0.116	0.190	-0.400	-0.199	
-0.165	0.193	0.280	0.089	0.173	2.869	-0.037	0.055	-1.021	0.225	0.100	-0.070	-0.243	-0.037	-0.122	-1.400	
-0.010	-1.224	-0.274	0.233	0.051	0.012	0.226	0.050	0.294	-1.103	1.695	-0.080	0.256	0.013	-1.621	-0.154	
0.015	0.086	-0.139	0.001	-0.183	-1.398	0.044	0.292	0.186	-0.188	1.562	-0.079	-0.083	0.145	3.413	-1.489	
-0.358	0.264	-0.550	0.166	-0.169	-0.573	0.384	-0.010	
0.005	-0.079	1.275	1.784	1.181	-0.440	0.963	-0.162	
-0.155	-0.449	0.489	0.271	0.971	-0.123	0.215	0.415	
-0.139	0.879	0.162	-0.161	-1.387	0.133	0.052	-0.102	
0.067	-0.295	-0.379	-0.579	-0.097	-0.217	0.473	-0.093	
0.456	-0.081	-0.803	-0.344	-0.258	0.288	0.627	-0.769	
1.110	-0.215	-0.598	0.646	-0.358	0.169	-1.681	-0.098	
-0.265	-3.450	1.712	-0.120	0.535	0.024	-0.058	0.005	
0.062	-1.633	-0.100	0.239	-1.296	-0.112	0.236	1.364	
0.254	0.133	0.128	0.015	-0.487	-1.809	0.456	0.054	
-0.180	-0.056	-1.264	1.755	-0.224	0.274	0.764	0.044	
-0.665	0.095	-0.307	-1.034	-0.143	-0.269	0.647	0.191	
0.530	-0.322	0.363	0.495	-0.542	-0.486	-0.108	0.448	
-0.194	-0.440	-0.200	-0.021	0.112	-0.494	0.652	-0.074	
-0.067	1.133	0.173	0.368	-0.153	-1.064	-0.207	0.638	
-0.938	1.716	-1.270	-0.255	0.139	-0.058	-0.304	-0.003	
0.016	0.150	-0.233	0.441	-0.718	-0.248	-0.720	0.185	
-0.419	-0.001	0.186	2.244	0.065	-0.029	-0.016	-0.001	
0.343	-0.304	0.366	-0.350	-0.072	-1.915	1.054	0.610	
-0.343	-0.126	-2.069	-0.348	-0.572	-0.058	0.301	-2.722	
0.403	1.694	-1.634	-0.616	
0.161	0.932	-1.468	-0.285	
-1.501	-0.434	-0.831	0.527	
