6
16 16 8 8 8 4 3 
-0.273	0.026	-0.201	0.171	-0.631	-0.030	-2.005	-2.002	0.173	-2.714	0.286	-0.193	0.131	-0.246	-3.257	-0.270	
-0.034	-0.380	-0.044	0.342	0.046	-0.040	0.470	-1.494	0.007	1.381	1.566	0.117	0.212	-1.239	-1.926	0.519	
0.218	-0.529	-1.129	1.972	0.082	0.184	1.401	-0.135	0.124	1.044	0.048	0.233	-1.297	0.145	-2.524	0.085	
0.055	-0.602	-0.035	0.010	0.363	-0.302	-2.059	-1.122	0.715	1.196	2.633	-1.474	-0.950	0.951	0.222	-0.007	
0.166	0.254	-0.177	0.078	-1.774	-0.149	-2.204	-0.089	-1.225	-0.185	1.169	0.009	-0.109	0.139	2.794	0.199	
0.105	0.846	-0.070	-0.245	-0.766	-0.459	0.157	1.571	2.241	0.048	-0.068	-0.657	-0.355	-0.122	0.128	0.254	
-0.006	-0.132	-1.653	0.086	-0.748	-1.742	2.316	-0.206	-0.329	-0.348	-0.602	1.781	0.815	-1.233	-0.012	0.028	
-0.030	0.118	0.854	0.147	0.522	1.612	-0.327	-0.978	0.110	-0.335	2.009	-0.066	0.295	0.839	0.077	-0.094	
-1.298	0.134	1.473	-0.006	-0.147	0.183	-0.074	-1.070	-0.135	-0.487	1.116	-0.124	0.051	0.098	0.002	-0.606	
-0.510	0.121	-0.117	0.345	-1.544	-0.088	0.327	-0.141	-0.592	-1.935	1.476	-0.369	0.238	-0.529	0.058	0.156	
1.416	0.178	0.110	-0.313	0.269	-0.151	-0.218	0.149	0.712	1.824	-0.200	2.075	-0.074	-1.040	-0.516	-0.871	
0.992	-0.670	0.734	-2.999	-0.567	-1.272	-0.012	-0.063	-0.166	2.166	0.043	0.272	0.065	0.302	0.303	0.154	
1.023	-0.098	0.207	2.156	-0.477	-1.294	-0.052	0.208	0.188	0.074	0.329	0.234	-0.609	0.635	0.113	0.303	
-0.085	0.750	0.153	-0.269	-1.540	0.655	-0.074	-0.234	-0.305	-0.110	1.096	-2.008	0.232	0.104	-0.301	0.617	
-0.224	-3.697	0.252	0.498	-0.062	1.157	0.193	1.345	0.617	0.044	0.048	-0.986	0.210	0.059	-1.267	0.102	
-0.297	0.139	-0.237	-0.176	2.213	-1.208	0.113	0.236	0.003	0.119	-0.848	0.193	-1.396	2.348	0.220	-0.087	
0.013	1.502	-0.217	-1.841	-0.268	-0.167	-0.934	-1.280	0.134	-0.091	0.292	0.130	0.056	1.623	0.128	-1.296	
0.320	0.054	0.003	-0.053	0.560	-0.312	0.083	-0.327	-0.056	0.531	-0.153	0.147	-0.161	0.058	-1.360	-0.179	
-0.054	0.156	-0.782	0.600	-0.050	-0.205	0.000	-0.073	0.188	-1.927	-0.936	0.094	1.556	-0.154	-0.925	0.209	
-0.066	-0.069	0.124	-0.078	-0.023	-1.470	-0.375	-0.218	-0.055	2.822	1.060	-0.211	2.235	1.160	0.133	0.427	
-0.120	-0.152	-0.119	-0.162	0.100	0.870	0.589	-0.343	0.243	-0.119	-0.004	-0.064	-2.648	0.636	-0.198	-0.088	
-0.329	0.135	0.013	-0.170	1.049	-0.106	0.101	0.700	0.007	-0.048	1.051	0.252	-0.147	-0.129	-0.195	-0.310	
-0.621	0.229	0.090	0.239	0.275	-2.872	0.296	-0.023	-0.127	-0.571	-0.032	0.468	-0.524	0.049	0.452	-0.287	
0.096	-0.378	-0.213	-0.029	-0.111	-0.485	-0.136	0.271	0.104	2.523	2.197	-0.166	0.230	1.514	1.582	0.448	
-0.255	0.043	-0.610	-0.538	-0.216	-0.483	0.524	-0.143	
0.049	-0.406	-0.225	-0.225	0.205	-0.077	-1.891	0.069	
-0.016	-0.206	0.160	0.151	0.794	0.393	0.655	0.424	
-0.091	0.960	0.243	0.375	-0.027	2.838	0.414	-0.046	
-0.419	0.517	-0.060	0.732	-0.276	0.537	-1.587	0.889	
-0.433	-1.619	0.141	-0.742	0.315	0.445	0.173	0.717	
0.319	0.615	-0.203	-0.154	-0.049	0.110	0.407	-1.957	
0.004	-1.621	0.668	0.249	1.407	-0.303	0.049	0.323	
-0.297	-0.164	-0.104	2.911	-1.386	-0.360	0.942	0.367	
3.143	0.552	1.302	0.250	-0.502	-0.555	0.533	0.021	
1.231	-0.009	0.248	-1.706	-0.262	-0.147	2.850	-0.299	
-0.345	-1.249	-0.332	-0.144	-1.062	-0.095	-0.352	0.103	
-0.099	-0.154	0.054	-0.787	-0.228	-0.652	0.980	0.243	
-0.431	-1.485	0.404	0.344	-0.101	-0.075	0.064	0.160	
0.632	0.045	-0.087	-0.617	0.521	0.100	-0.832	0.456	
-0.393	0.046	1.434	1.525	-0.870	-0.214	-0.547	-0.101	
0.595	0.873	-1.872	0.774	0.910	-0.663	0.067	1.148	
0.077	2.331	0.404	0.244	-0.061	0.269	-1.436	-0.428	
1.089	0.112	0.120	-0.253	-2.072	0.342	-0.389	0.970	
-0.369	-0.139	0.866	-0.317	-0.140	0.130	0.978	-1.196	
0.486	-1.624	-1.678	-0.929	
0.425	-1.164	-0.173	0.326	
-0.894	-0.434	1.472	0.095	
