6
16 16 8 8 8 4 3 
-0.423	-0.909	-2.123	0.342	1.851	1.853	-0.312	0.325	0.139	0.047	0.349	0.037	1.776	0.153	0.022	0.736	
0.861	0.239	0.134	0.051	-0.045	-0.097	2.616	-6.338	-1.009	0.423	0.403	1.133	1.836	-0.097	-0.559	0.036	
0.069	0.395	0.809	-0.085	0.129	-0.038	-0.059	0.750	-2.217	0.092	1.484	1.468	-0.064	-0.108	-0.284	0.084	
3.812	0.334	1.352	0.086	-0.205	-0.529	0.084	-0.859	-0.060	-0.091	0.210	0.064	-0.205	0.097	-0.249	2.706	
-0.069	0.845	-1.076	0.070	1.642	0.154	-1.528	-2.147	0.177	0.063	-1.002	-0.009	-0.274	0.197	1.380	0.412	
0.333	0.232	-0.317	-0.088	-0.013	0.071	-0.489	2.132	2.596	0.197	-0.044	0.140	-0.431	0.808	-0.002	0.228	
0.146	-0.168	-0.136	-1.144	0.078	0.177	0.160	1.144	0.023	-1.846	-0.270	0.179	-3.854	-0.327	-0.093	1.504	
-2.759	1.513	1.257	0.114	-0.050	-1.104	0.343	-0.122	0.897	-0.716	1.634	-0.259	-2.290	0.186	1.018	-0.095	
0.674	-0.678	-0.024	0.157	-2.384	0.627	-1.147	-0.266	1.133	-0.070	0.247	0.251	0.198	0.067	2.421	-0.898	
0.003	-0.709	0.180	0.582	-0.173	-0.041	0.160	0.009	0.305	-0.351	-0.942	-0.233	0.217	-0.476	0.263	-1.117	
-0.759	-1.379	-0.255	-0.071	0.115	-0.121	-0.747	-0.007	0.125	-0.006	-0.148	-1.505	-0.149	0.219	-0.052	2.523	
0.294	1.001	0.137	-0.163	0.005	0.118	-0.055	-0.017	-1.213	-0.052	0.272	0.853	0.167	0.270	-0.525	0.041	
0.097	-0.008	0.279	1.062	-0.396	0.566	2.679	-1.875	-0.472	-0.016	0.113	0.160	-0.515	0.399	-0.304	1.238	
-0.094	0.153	0.615	0.240	-0.290	0.652	-0.024	-0.140	-0.194	0.603	-0.201	0.168	0.938	-0.649	0.413	0.026	
-0.292	-0.231	0.168	-0.526	-1.103	-0.189	-2.171	0.126	-0.229	0.364	0.059	0.097	0.049	-0.133	-0.295	-0.216	
-0.206	0.168	0.364	-0.235	1.060	-1.913	0.109	0.222	0.530	0.181	-1.417	0.560	-0.206	-1.236	0.377	-0.159	
-0.037	-2.349	1.446	-0.161	0.096	-0.054	-0.232	-0.883	0.107	-0.268	0.278	0.125	-0.192	0.059	0.192	0.288	
1.514	0.100	-1.981	1.996	-0.074	-1.644	-0.041	-0.091	0.057	0.420	-0.134	0.178	-0.250	0.801	0.726	1.085	
-0.368	-0.218	-1.569	0.109	-0.006	0.439	-0.534	-0.172	2.789	-0.596	0.073	-1.156	-0.023	-0.120	0.015	-0.005	
-1.398	0.404	0.146	-1.310	-0.018	0.093	-0.272	0.236	-0.048	-1.248	-0.070	-0.166	0.476	0.771	1.667	0.150	
0.006	-0.204	0.026	0.396	0.465	-1.943	0.047	-0.128	0.196	-0.085	-0.395	-0.031	0.058	0.190	-1.649	1.259	
-0.165	0.193	0.610	0.089	-1.397	1.819	0.653	1.088	1.266	0.706	-0.324	-0.070	-0.243	-0.037	-0.151	-0.088	
1.248	0.016	-0.130	0.233	0.051	0.276	0.226	0.050	0.294	-1.103	0.318	-0.080	1.267	1.283	-4.201	-0.154	
-1.182	-0.147	-0.139	0.001	-0.183	-1.898	0.044	0.292	-0.416	-0.188	-1.836	-0.079	1.296	0.145	0.422	0.152	
-1.371	-0.016	1.572	0.166	-0.169	0.383	0.781	-0.010	
0.005	-0.157	0.408	2.604	-1.059	-2.228	0.145	-0.968	
-1.967	-0.449	0.430	0.367	0.835	-0.123	0.215	-0.328	
-0.741	0.194	0.162	-0.161	0.290	1.004	0.052	-0.102	
-0.493	-0.295	0.053	1.005	-0.065	0.461	0.747	-0.093	
0.456	-0.081	-0.963	-0.344	0.228	0.288	0.627	-0.278	
1.110	-0.829	-0.092	0.304	-0.162	1.065	-1.809	-0.098	
-0.267	-2.557	-0.117	-0.120	0.535	0.296	-1.219	0.485	
-0.236	0.716	-0.100	0.190	1.125	0.481	0.081	-0.887	
0.254	0.133	1.057	0.015	-0.487	-1.809	0.456	0.054	
-0.025	0.495	1.215	1.755	-0.093	-0.394	0.764	-0.076	
-0.665	0.457	-1.710	-0.376	-0.143	-0.269	0.647	-0.749	
2.689	0.139	0.597	0.495	-0.542	0.231	-0.108	0.448	
-0.194	-0.440	-0.200	-0.935	0.112	-0.494	0.652	-0.074	
-0.067	-0.200	0.173	0.030	-2.415	-0.857	0.266	-0.036	
-0.938	1.716	0.487	0.842	0.030	-0.058	1.383	-0.003	
1.491	0.150	-0.233	0.441	0.915	-2.736	-0.720	1.509	
0.203	-0.001	1.601	0.354	0.065	0.554	0.285	-0.471	
0.343	-0.304	0.119	-1.052	-0.361	1.236	-2.003	-1.804	
-0.343	-0.126	0.217	-0.348	-0.572	-0.058	-0.594	-1.058	
0.560	0.532	-1.634	0.190	
1.224	0.932	-1.468	-0.285	
-0.104	-0.434	0.394	0.883	
