6
16 16 8 8 8 4 3 
-0.666	0.066	0.137	-0.119	-0.046	-0.423	-1.538	1.914	-0.165	0.027	0.073	-0.249	1.179	0.352	-0.234	-0.778	
-0.001	0.076	0.178	-0.185	2.882	0.527	1.257	1.067	-0.099	-1.304	-0.152	1.021	0.010	-0.901	-1.222	1.476	
0.123	1.519	-1.967	-0.101	-0.063	-0.889	-3.333	-0.237	-0.298	-0.144	0.151	-0.055	-0.082	0.272	-0.657	-0.200	
-0.226	-0.983	0.135	-1.221	-0.179	-0.196	-0.355	-0.769	0.244	0.262	1.534	-0.151	-0.062	0.279	-0.309	-0.328	
-1.229	1.578	0.272	0.177	-1.893	0.142	0.997	0.263	0.538	0.017	-1.062	0.218	0.199	1.939	-0.265	-0.454	
-0.800	0.374	-0.089	1.896	-2.160	0.386	0.484	-0.135	-0.084	1.241	-0.714	1.390	-0.457	-1.582	0.286	-0.122	
0.047	0.192	0.181	-1.086	-0.038	0.310	0.193	0.071	1.289	-0.214	-1.965	0.518	0.639	1.891	2.083	0.315	
-0.970	-0.063	-0.219	-0.597	-0.110	0.112	-0.108	-0.239	-0.081	-0.429	-1.050	-1.891	0.099	-0.132	-0.853	0.550	
0.895	-1.018	1.367	0.220	0.140	-0.087	-1.095	-0.017	1.121	-0.063	-0.535	-0.070	-0.850	-0.389	-0.294	-2.129	
-0.119	-1.602	0.246	-0.034	0.679	1.473	0.090	-0.047	-0.038	-0.091	0.518	0.169	-0.077	0.083	-0.255	-0.013	
0.131	-0.142	-0.475	1.583	0.131	-0.764	0.018	0.163	-0.288	0.514	0.169	0.508	-1.137	0.689	0.207	-0.091	
-0.262	0.169	0.445	0.176	-1.775	0.753	-0.085	-1.488	-0.061	0.175	0.005	0.199	-0.091	-0.340	0.308	-1.745	
-0.140	0.257	-0.022	0.063	-0.723	0.485	0.793	-0.049	-1.138	-2.515	-0.164	-1.658	-0.028	-0.149	0.473	-0.202	
-0.205	0.849	-0.206	-1.225	-0.772	-0.028	0.296	-0.142	-0.105	-0.316	-0.172	0.024	-0.018	-1.564	0.539	0.939	
0.079	-0.140	-1.213	0.369	0.053	0.662	0.798	0.241	0.668	-0.049	0.154	0.042	0.330	0.030	0.048	0.252	
0.045	-1.002	0.061	-0.073	-1.290	-1.165	0.424	0.319	0.030	-0.101	-0.720	-0.061	1.577	0.726	0.517	-0.292	
-0.139	-1.434	0.375	0.236	0.268	-0.897	0.173	-0.992	-1.300	-1.446	0.245	0.028	-0.974	-1.352	0.504	-0.159	
0.102	-0.535	0.076	1.336	0.403	0.200	-0.047	-0.117	1.024	-2.133	0.655	0.118	0.253	-0.925	-1.367	0.207	
-0.230	-0.810	-0.159	0.321	-0.653	-0.104	0.798	0.040	-0.753	0.088	0.064	1.002	-0.641	-0.153	-0.026	-0.266	
-0.188	1.856	0.130	-0.649	-0.032	0.161	1.166	0.811	0.512	0.226	-0.153	0.351	-0.539	-0.337	-0.082	0.316	
0.043	-0.932	-0.312	-0.350	0.381	0.232	1.197	-0.155	0.075	0.411	0.184	-0.186	-0.850	1.198	1.034	2.108	
-0.268	1.350	0.042	-0.060	0.600	0.129	0.312	-0.566	-0.150	-1.612	1.908	-3.534	0.326	-0.019	0.570	0.185	
-0.662	-0.141	-0.819	-0.235	-1.907	1.760	0.281	0.294	-0.077	-0.624	0.010	3.857	0.581	0.151	-0.042	-0.116	
1.709	-0.150	1.969	0.775	-0.043	1.523	-1.225	-0.014	-0.035	-0.870	-0.071	0.201	0.004	0.567	0.859	0.023	
0.208	0.326	0.020	-0.493	-0.241	-0.042	0.137	0.423	
-0.727	0.015	-0.071	0.578	-0.549	-0.144	-0.172	-0.391	
-0.191	-0.752	0.578	-1.570	0.380	-4.316	2.474	0.406	
0.395	-1.569	-0.522	1.088	0.443	-0.349	-0.272	-1.714	
-0.078	0.272	-0.399	0.335	0.539	-0.696	-0.364	0.317	
-0.833	-0.293	0.881	-0.173	1.168	0.123	0.340	0.344	
0.663	0.792	0.180	0.082	0.130	0.030	1.133	2.176	
-0.510	-0.541	0.012	-1.031	-1.966	0.216	0.059	-1.096	
-0.197	-1.537	-0.069	0.359	2.625	0.534	-0.502	-1.138	
-0.676	0.339	0.141	-0.605	1.302	0.496	1.445	-1.150	
0.160	2.354	0.614	2.133	-0.163	-0.265	-1.879	0.399	
0.395	-0.292	-0.329	0.722	-0.873	1.159	-0.411	0.446	
-0.481	0.774	-0.051	-0.382	-1.241	0.179	-0.413	-0.390	
-0.350	-0.157	-0.337	-0.617	1.547	-0.116	0.059	0.058	
0.286	0.448	0.758	0.244	-0.212	1.823	-0.214	-1.689	
-0.087	-0.392	-1.201	-0.146	0.112	-2.837	-1.261	-0.328	
1.872	-0.400	-0.325	0.475	0.583	0.563	-0.294	-0.101	
-0.149	0.295	-0.048	-0.319	-0.293	-0.413	-2.918	0.312	
0.021	1.315	1.443	2.455	-0.700	-0.919	0.641	0.013	
0.975	-0.421	0.223	0.139	-0.872	-1.414	-0.477	-0.884	
-0.051	-0.915	0.869	0.778	
-0.159	1.142	-0.306	0.362	
-0.380	1.076	-0.103	-0.257	
