6
16 16 8 8 8 4 3 
1.591	0.036	-0.670	0.243	-0.836	0.905	0.242	0.025	-1.945	1.387	0.169	0.141	-1.105	-0.301	-0.063	0.451	
-0.307	-0.284	-0.487	-0.139	-1.079	0.236	1.311	-0.836	-0.178	-0.906	0.812	-0.237	0.058	0.174	0.104	-0.312	
-0.135	-0.311	0.259	-0.031	-1.479	-2.394	0.439	-0.013	-0.049	-0.173	-0.104	-0.150	-0.098	-0.268	0.375	0.815	
-1.031	0.529	0.248	-0.866	0.038	-0.914	0.250	1.110	0.850	0.170	-0.924	-0.103	-0.054	0.416	0.041	1.955	
-0.940	-0.131	-1.458	0.361	-0.136	0.591	0.112	1.804	0.292	0.176	-0.147	0.426	-0.131	0.050	-0.226	0.212	
0.889	0.003	-0.067	-0.166	0.336	1.246	0.244	0.044	2.156	0.668	0.198	-0.722	0.219	-0.015	-3.291	-0.213	
0.822	-0.212	0.985	0.325	-0.140	0.134	0.058	-0.114	0.927	0.074	-0.205	-0.293	-0.230	1.102	0.072	-1.693	
-0.043	-2.551	0.707	1.001	-0.022	0.953	-0.646	-0.832	0.135	-0.240	-0.117	0.068	0.053	0.122	0.111	-0.236	
-0.276	0.052	-0.984	-0.414	-1.076	-0.039	0.075	0.156	-0.367	1.107	0.149	-0.726	0.799	-0.324	0.138	-0.043	
0.203	0.102	0.293	0.343	-0.280	0.933	0.323	0.378	0.150	-0.156	0.410	-0.614	0.121	0.153	-0.236	-0.041	
0.221	3.021	-1.170	0.238	-0.506	0.651	0.098	0.096	0.268	0.411	-0.365	-0.016	-0.363	1.159	0.514	-1.042	
0.103	-0.084	-0.111	-2.921	-0.237	0.007	-1.072	-0.589	0.595	-0.237	-0.206	-1.706	-0.269	0.321	0.240	-0.138	
-0.352	0.209	-0.451	-0.088	0.215	0.033	0.144	0.094	-0.004	0.302	-0.005	-0.224	-0.080	1.005	-0.543	0.147	
0.415	0.219	0.034	1.118	-0.516	-0.054	-0.117	-0.098	0.133	-0.955	0.430	0.275	0.845	0.154	0.019	-0.574	
0.705	2.212	0.066	0.062	0.126	-1.529	-0.251	0.391	0.111	-0.998	-0.205	-0.381	0.615	0.072	-0.123	-0.025	
0.503	-1.094	0.036	-1.908	1.471	-0.220	-0.190	-0.248	0.312	1.386	0.323	-0.626	1.894	-1.250	0.398	0.905	
0.248	-0.244	-0.228	0.161	0.015	-1.634	-0.745	0.988	-0.248	-0.517	0.312	0.529	-0.568	1.800	-0.163	-0.070	
-0.447	-0.409	-0.087	0.092	0.201	0.198	-0.884	-0.528	-2.099	2.197	-0.156	1.762	-0.155	2.026	0.148	2.229	
0.630	2.089	-0.013	0.256	-0.053	-0.131	0.046	1.792	0.153	-0.048	-1.747	-1.036	0.048	-0.219	0.106	-1.023	
-0.179	0.525	-0.042	-2.186	-0.749	-0.227	-0.633	-2.018	-0.223	2.146	0.118	-1.103	-0.082	0.518	-0.267	-0.319	
0.032	1.480	-0.316	-0.185	1.137	0.173	0.403	0.032	-1.817	-0.811	1.871	-0.170	-0.029	0.907	-0.049	0.214	
-0.150	0.040	0.092	-0.112	0.257	-1.497	0.165	-0.066	0.220	0.562	0.150	0.636	-0.102	0.187	-0.358	0.171	
0.225	-1.036	0.091	0.222	0.146	-0.214	-0.140	-0.046	-0.267	-0.100	0.778	0.057	0.737	-0.045	-0.909	0.019	
0.159	0.034	-0.492	1.252	0.153	-0.086	-1.157	0.700	-0.082	0.113	2.595	1.748	0.032	-0.373	-0.076	-2.174	
0.579	-1.050	-0.389	-0.001	-0.351	-1.849	0.673	-1.100	
-1.476	-0.437	-0.159	-0.239	-1.382	-0.402	0.411	0.050	
-0.038	-1.012	-0.249	-0.337	2.944	-0.375	2.786	0.461	
-0.258	0.593	0.189	0.903	-1.125	0.386	-0.007	0.052	
0.821	0.044	-1.860	-0.718	0.477	0.376	-0.251	0.196	
0.381	2.441	-0.775	-0.153	0.199	-0.905	-0.197	-1.028	
1.298	-0.913	-0.572	-1.743	0.316	0.723	0.342	0.056	
-0.313	0.143	-0.441	-0.079	-0.823	0.007	0.247	-0.583	
-0.863	-0.262	0.427	-1.197	2.087	-0.028	0.028	0.376	
-2.076	0.510	-0.208	0.070	-2.984	-0.505	0.164	-0.027	
0.758	2.043	0.142	0.333	0.660	-0.140	-1.119	0.138	
-0.858	1.884	-2.377	-0.330	0.295	0.441	-0.514	0.051	
-0.481	0.046	-0.606	0.251	0.117	-0.990	0.625	-0.358	
-1.502	-0.086	0.404	-0.067	-2.469	-0.738	0.297	5.111	
2.370	2.006	0.448	0.466	2.553	-2.433	0.171	-0.478	
-0.310	1.579	-0.064	-2.876	-0.130	0.683	0.018	-0.135	
1.131	-0.160	0.667	0.193	-0.035	-0.056	-0.313	-0.530	
-0.319	-1.446	0.442	1.070	-0.144	0.108	-0.488	0.151	
-1.444	0.753	0.267	-1.080	0.718	0.398	0.115	-0.493	
2.563	1.239	0.743	-0.347	0.156	-0.181	0.442	-0.466	
0.555	0.352	-1.637	0.773	
1.138	-0.998	-0.218	-1.338	
-0.646	0.295	-1.563	0.491	
