6
16 16 8 8 8 4 3 
-0.055	-0.079	2.181	1.866	-0.095	0.119	0.511	0.307	0.462	0.023	-0.159	0.270	-0.025	1.182	0.377	1.460	
-1.702	-0.957	1.258	-1.458	0.237	-0.009	0.049	-0.192	-0.926	0.182	-1.297	-0.082	-1.406	1.766	0.175	0.056	
0.005	-0.094	-0.130	-0.015	-0.602	-0.823	2.920	-0.174	1.732	0.193	-0.271	-2.199	-0.104	0.219	0.616	-0.154	
-0.261	1.916	0.007	-0.060	-0.336	1.582	-0.333	-0.033	1.010	0.222	0.078	-0.074	-1.506	1.353	0.309	-0.189	
0.655	-0.187	1.430	-3.602	-0.765	1.332	0.408	0.106	0.253	-0.044	-1.818	-1.751	0.121	0.345	0.507	0.549	
0.779	0.712	-0.192	1.468	0.413	-0.387	-0.396	-0.160	-2.837	0.407	-1.240	0.285	-0.153	-0.868	0.232	-1.399	
0.311	0.299	-0.106	-0.003	-0.092	-0.265	-0.003	0.823	-1.806	-0.214	0.541	-0.620	-1.258	-0.280	0.115	-1.188	
-0.379	-0.200	-0.358	-0.625	0.080	0.876	0.106	-1.591	-0.082	1.343	0.141	-0.129	-0.260	-0.005	0.007	2.834	
-0.516	0.945	0.205	0.259	0.063	-1.186	-0.198	1.180	0.105	-0.165	0.294	-0.049	0.311	-0.458	-0.342	0.913	
-0.020	0.109	0.237	0.624	0.044	0.064	0.081	-0.161	2.498	-0.152	0.507	0.205	0.009	-0.033	-0.309	-1.577	
0.307	-0.277	-2.417	0.023	0.958	0.996	0.082	-0.342	-0.216	-0.206	2.573	-0.748	-0.224	0.277	-1.056	-0.158	
-0.397	0.035	0.104	0.158	-0.340	2.040	-0.136	-2.124	0.078	0.227	2.401	-1.037	-0.415	-0.256	0.222	1.935	
-0.793	0.383	-1.918	-0.577	0.296	0.010	-1.595	-2.000	-0.192	-1.185	-0.160	-1.186	0.082	0.739	0.002	-0.054	
-0.063	-0.162	-1.880	1.334	0.349	0.045	1.115	-1.591	-0.114	-0.096	0.121	0.052	-0.257	0.188	-0.645	2.450	
-0.237	-0.423	-0.048	0.646	-1.679	-0.429	0.094	-0.747	0.483	-1.489	0.109	0.710	-0.251	-0.032	-3.167	0.092	
-0.898	0.021	0.067	-0.187	-0.289	0.632	0.588	0.182	0.162	-0.028	-0.432	-0.199	-0.042	0.165	0.065	-0.151	
-0.640	-0.935	0.047	1.452	1.027	1.249	0.109	0.004	-1.278	2.122	0.963	0.197	-1.570	0.018	-0.094	-0.111	
-0.014	-0.108	-0.146	0.804	1.442	-0.687	0.173	0.575	0.176	1.856	1.306	0.558	0.212	-0.192	-0.409	0.182	
-0.024	0.557	1.142	-1.685	-1.333	-0.093	0.014	0.614	-1.712	-0.057	0.931	0.198	0.113	-0.321	-0.591	-0.437	
0.279	0.021	0.115	0.038	-2.437	2.314	0.191	1.404	-0.675	0.177	0.022	0.276	0.226	-0.231	0.020	-0.320	
0.208	-0.294	-0.143	0.627	0.411	0.232	-0.343	0.312	3.403	0.311	0.130	0.490	-1.220	0.047	-0.520	-0.018	
-0.044	-0.091	-0.268	-0.054	0.420	-0.008	2.094	0.090	1.689	1.791	-0.310	-0.178	-1.129	-1.522	-0.018	1.384	
-0.037	-1.056	-0.264	-0.255	0.110	-0.029	0.143	0.112	-0.008	-0.004	-0.031	0.131	-2.875	0.147	-0.039	-0.112	
0.165	0.417	0.347	0.566	0.028	0.287	-0.593	0.026	-0.056	0.164	0.033	-1.158	-0.911	-0.004	-0.494	1.367	
-0.972	1.017	-0.282	0.016	-0.649	-0.104	-0.009	0.346	
0.845	-0.608	0.541	0.043	-0.489	-0.416	-0.074	-0.597	
0.033	-0.322	0.577	-2.725	0.224	0.456	0.237	0.215	
-0.748	-1.629	-2.564	0.661	0.074	-0.285	0.124	-0.414	
-1.013	0.021	2.508	0.420	-0.863	-0.315	-0.685	-0.415	
-0.083	-1.720	-0.805	-0.132	-2.421	1.619	-0.139	1.351	
0.565	-0.204	-0.013	0.050	1.746	-1.123	1.304	-0.348	
-0.472	0.869	0.914	0.793	0.978	0.034	1.438	1.381	
-0.630	-1.708	0.195	-0.016	0.944	-0.061	-0.944	0.224	
0.062	0.545	-0.079	-0.107	-1.385	0.496	-1.612	-1.512	
-0.010	0.031	-0.116	-0.178	-0.061	0.292	0.575	-0.673	
0.148	0.525	1.822	-1.975	0.593	-0.495	-0.950	-2.672	
-1.695	-0.581	0.003	-0.270	-0.199	0.231	-1.728	0.038	
-0.351	-0.191	0.383	-0.198	0.466	0.204	-0.353	0.195	
0.286	-0.051	0.000	0.768	-0.254	0.227	0.257	0.067	
0.673	0.394	-1.515	-0.322	0.931	-0.201	-0.392	-1.047	
0.101	0.134	1.492	-0.058	0.073	1.146	-0.403	-0.115	
-0.790	0.114	-0.067	0.536	0.700	-1.637	0.338	0.707	
1.051	0.211	-1.875	0.215	0.062	0.236	1.877	0.040	
0.043	2.184	1.096	-0.945	-0.952	1.315	-0.703	0.018	
0.830	1.062	1.220	0.438	
0.062	0.970	-0.729	-0.585	
-0.343	1.232	-0.339	-0.257	
