6
16 16 8 8 8 4 3 
1.433	-0.175	-2.087	0.360	-0.788	-1.075	1.434	1.332	-1.314	-0.117	1.188	0.119	-1.205	0.157	-0.908	-1.055	
-0.277	-0.284	-0.336	0.035	0.602	0.048	-1.231	1.216	-1.829	-1.047	0.058	-0.969	-0.703	0.147	-0.237	1.723	
-0.025	0.485	-0.738	-0.601	2.035	-0.533	-0.045	-0.488	-0.185	0.953	-0.041	-0.794	0.516	-1.379	1.035	-0.190	
0.892	-1.594	-3.689	-1.174	0.242	0.634	0.117	1.666	1.296	-0.040	-0.035	1.011	0.444	0.482	-0.157	0.437	
0.117	0.191	-2.212	0.238	0.030	-0.518	-0.211	0.234	-1.275	0.780	1.965	-0.115	-0.235	-0.143	0.212	-0.179	
-0.366	-0.877	0.899	-1.944	0.296	-0.175	0.018	-2.443	-2.135	-1.850	0.169	-0.065	-0.157	0.081	-0.127	-0.024	
-1.051	0.220	-0.086	0.102	0.381	-0.111	0.518	-0.278	-0.094	-1.044	0.802	-0.115	0.675	0.167	0.174	-0.444	
0.050	-0.384	2.291	0.021	-0.206	0.837	1.245	1.603	0.259	0.066	-0.601	0.167	0.205	-1.781	-0.507	-0.033	
-0.176	-1.516	-3.529	1.225	0.309	0.015	-2.495	0.016	0.011	1.527	-0.196	0.333	0.179	0.104	0.293	1.367	
0.359	0.173	-0.893	-1.829	0.197	-0.400	-0.856	0.173	-0.155	0.228	-0.561	-0.228	-0.097	-0.039	-0.937	-0.008	
0.616	0.119	0.060	-0.408	-0.218	-0.593	0.244	-0.531	0.069	-0.094	2.564	-0.218	-0.625	0.873	-1.493	0.193	
-1.200	0.247	-0.628	0.274	-0.337	0.272	-0.098	0.828	-0.268	-1.378	-0.501	0.602	1.528	2.958	-0.053	2.023	
-0.023	0.679	-0.105	-0.119	-0.443	0.041	-0.550	-0.075	-0.070	-0.348	-0.361	-0.042	-0.244	-0.040	0.178	0.328	
-0.315	0.230	0.109	-0.118	0.015	-0.914	1.770	-0.748	-0.973	0.514	-0.112	-0.232	-0.126	-0.956	-0.316	-0.117	
-1.493	-0.384	0.070	-0.999	-1.921	0.159	-0.895	0.069	-0.895	-0.076	0.568	0.055	0.345	-0.262	-1.796	-0.466	
-0.688	-0.412	-1.445	-0.406	0.129	-0.076	0.246	-0.381	0.169	0.004	-1.362	0.220	-2.000	-0.101	1.288	0.164	
-1.106	0.796	0.077	0.472	1.433	-0.178	-0.016	-0.273	-0.014	-1.147	0.975	-0.046	0.955	-0.302	-1.828	-0.210	
-0.195	0.023	1.259	0.167	-0.116	2.668	1.955	-0.981	0.166	0.188	0.785	0.122	-0.136	-0.885	-0.330	-0.853	
0.318	2.519	-2.590	0.272	1.069	-2.873	0.118	0.049	0.159	-0.806	-0.109	-3.174	-0.453	0.139	0.027	4.534	
1.205	0.155	-0.041	0.146	0.051	1.520	-0.943	1.304	-0.575	-1.683	0.207	0.002	0.444	0.120	-2.592	0.453	
-0.063	1.415	1.332	-2.711	-0.266	0.381	-0.372	-0.959	-0.092	-0.139	1.082	-0.946	0.194	1.650	0.334	0.115	
-0.123	1.032	0.110	-0.477	-1.323	-1.143	0.219	-0.199	0.656	0.163	2.307	0.727	-0.065	-0.032	-0.426	-2.269	
0.786	0.249	0.278	1.368	-0.252	0.083	0.087	0.047	-0.000	2.007	2.595	0.403	0.261	-0.087	1.650	-0.311	
0.165	0.122	-0.153	0.203	-0.016	-0.869	1.545	1.434	-0.404	-0.127	0.351	-1.598	-0.019	0.879	-0.035	1.408	
-1.286	-1.506	0.600	-0.389	0.445	-0.310	0.033	-2.500	
-0.219	0.366	-1.372	0.282	-0.549	0.385	-0.265	0.231	
0.065	-0.128	0.024	0.680	-0.541	-0.487	-1.145	0.366	
-0.388	1.413	-0.063	0.794	0.180	-0.372	-0.068	0.062	
0.974	-0.036	0.017	-0.213	0.257	-0.175	0.289	-2.347	
0.445	0.363	0.072	-1.440	1.255	0.310	-1.159	1.637	
-2.174	-0.190	0.875	0.014	1.831	0.255	-1.069	0.111	
0.462	-0.372	-0.738	0.445	0.631	0.034	-1.641	-0.440	
1.654	-2.260	1.202	-0.561	0.037	0.099	0.098	-1.529	
1.244	-0.314	1.919	0.281	-0.405	-0.407	-0.109	-0.924	
-0.147	0.957	1.883	0.062	-0.245	-0.165	0.456	-0.971	
-0.398	0.450	-0.391	-0.212	0.232	-0.410	0.465	-0.293	
-0.184	-0.968	-0.166	0.682	-0.050	4.723	0.510	-0.012	
1.276	0.494	-1.215	0.135	-0.355	0.214	1.089	-2.082	
-0.304	1.892	2.314	0.193	-0.007	0.711	0.981	-0.854	
0.427	-0.657	0.969	-1.292	-1.595	0.214	0.377	-0.228	
1.113	0.465	-0.045	-0.107	0.252	0.314	-0.199	0.516	
0.371	-0.411	-1.847	-0.584	0.378	-0.208	0.589	0.368	
-2.666	1.387	1.718	-0.081	0.025	0.332	1.192	0.759	
1.377	0.197	-0.320	-0.086	-1.276	0.116	2.166	-1.268	
-0.291	-0.208	0.403	-1.255	
-0.274	0.807	0.877	0.357	
-0.741	0.566	-0.531	0.402	
