6
16 16 8 8 8 4 3 
0.464	0.086	0.049	-0.538	-0.633	0.117	0.242	-0.261	0.436	1.933	-0.608	0.415	-0.355	-0.301	-1.954	-0.146	
-0.307	-0.671	-0.057	2.003	-1.225	0.154	0.089	-0.234	0.504	0.416	1.084	-0.237	-1.864	0.966	-0.072	-0.312	
-2.440	-1.639	0.239	1.262	0.425	0.168	-2.482	-0.013	0.434	1.096	-0.104	-0.153	0.412	-0.268	0.375	1.158	
0.254	-0.032	1.479	0.049	0.038	0.356	0.406	-0.275	0.035	-0.958	0.333	2.018	1.731	-0.666	0.041	1.239	
2.606	0.162	-0.156	0.090	-1.003	-0.909	-0.068	0.350	-1.616	-1.816	-0.147	0.261	0.229	0.391	-0.226	0.019	
0.285	-0.962	-0.161	-0.505	0.005	-0.387	0.244	-0.187	-0.397	0.193	0.198	-0.268	-0.825	-0.015	-0.347	-0.213	
-0.246	0.014	-0.036	1.270	0.491	1.043	-0.400	-0.114	0.058	0.074	1.079	0.437	-0.296	0.477	-1.309	-1.915	
-0.043	0.314	0.707	0.918	0.773	0.139	-0.081	-1.430	0.111	-1.458	-0.545	-2.378	0.053	1.044	0.837	0.921	
0.110	0.282	-0.121	0.043	0.774	1.663	-0.852	-0.837	-0.367	0.524	0.149	-0.713	0.248	-0.324	-0.981	-0.043	
0.203	0.102	0.293	0.343	-2.395	-1.296	0.139	0.003	-0.621	-0.156	1.609	1.552	3.793	0.116	-0.236	-0.041	
-0.002	-0.112	-0.094	1.517	-0.506	-0.083	0.676	0.096	0.268	-0.282	-0.457	1.488	-0.081	-0.203	0.079	-0.034	
-0.278	1.200	-2.482	0.376	-0.002	-0.458	0.009	-1.299	-0.289	-1.652	-0.967	-0.689	-0.587	0.321	0.240	-0.138	
1.540	0.417	0.104	-0.135	1.355	-1.532	-0.229	0.094	0.091	0.202	0.210	-1.560	-0.080	0.553	1.418	-0.472	
-0.520	0.219	1.221	-1.000	-1.534	-0.584	0.504	-0.098	0.133	-0.094	0.804	0.275	0.102	1.037	0.019	-0.267	
-1.045	0.232	0.137	0.062	-0.277	0.031	-0.251	0.130	-2.263	0.538	-0.205	0.049	-0.907	0.072	-0.222	1.141	
-0.299	-0.008	-1.234	1.809	0.686	-1.483	-0.051	-0.248	-1.727	-0.068	0.323	0.048	1.363	-0.926	0.398	0.287	
0.687	-0.244	1.137	0.161	2.310	-1.634	-6.160	-0.233	0.969	0.131	0.009	-0.243	2.054	0.251	-0.163	-0.070	
-0.300	0.140	-0.087	-0.667	-1.108	0.198	0.060	0.327	0.167	0.069	-0.156	-1.625	-0.155	0.173	0.148	-2.485	
0.479	-0.937	-0.013	0.096	0.172	-1.174	0.046	0.088	-0.668	-0.048	-0.404	0.492	-0.775	-0.219	0.141	-1.919	
-0.254	0.358	-0.161	0.126	-0.227	-0.227	0.734	-2.408	0.120	2.502	0.118	-0.201	-1.088	0.065	-0.688	-0.708	
0.032	0.587	-0.680	0.205	-1.452	-0.024	-0.033	0.287	0.080	-0.336	0.066	-0.000	0.017	0.896	-0.049	0.513	
-0.150	0.040	0.092	-0.213	-0.399	-1.497	-0.305	-1.048	0.220	0.086	0.699	-0.067	-1.205	0.937	-0.583	-1.155	
-1.234	-0.796	-0.826	0.222	-2.965	-0.214	-1.065	-2.725	-0.267	1.635	1.415	-0.076	0.346	-1.928	-0.003	0.019	
-0.038	0.034	-0.776	0.092	-0.354	0.985	0.385	3.164	1.403	1.212	-0.572	0.017	1.347	-1.229	-0.742	-1.730	
-0.071	0.113	0.736	-0.001	2.246	-1.828	-0.613	-0.049	
-1.727	-0.437	-0.159	0.048	-0.264	-0.124	-1.264	0.737	
-0.038	-0.391	-2.091	-0.171	0.042	-0.348	0.637	0.096	
-0.746	1.160	0.287	0.526	0.344	0.309	-0.007	0.052	
-0.358	-0.112	-1.428	-1.063	0.477	0.160	0.033	0.196	
0.677	-0.267	0.362	0.059	-0.870	0.091	-0.197	-2.164	
0.322	0.227	-2.316	-0.687	0.271	-0.961	0.436	0.437	
-2.203	-0.324	0.317	0.835	-0.097	-0.055	0.247	-0.351	
-0.361	-0.105	-0.321	-0.488	0.125	-0.332	0.428	0.376	
0.944	0.510	-0.208	-1.984	-0.562	-1.517	0.164	1.114	
-0.311	2.043	0.142	0.333	-0.200	-0.140	-0.612	0.138	
-0.858	-0.188	1.179	-0.330	-0.814	0.576	-1.573	0.658	
-0.402	0.423	-0.606	0.251	0.117	-0.125	0.356	-0.358	
0.466	-0.109	-1.076	0.117	-2.226	0.379	0.297	1.468	
-0.397	0.581	0.718	0.278	-0.258	0.700	-0.572	0.314	
-0.185	0.738	-0.899	-0.477	-0.130	0.683	-0.774	0.130	
-1.143	0.221	0.873	-0.384	-0.035	-0.056	-0.953	-1.550	
-0.319	-0.339	-0.261	0.816	0.107	-0.074	-1.462	-0.291	
-0.139	-0.449	0.825	-2.525	-0.089	0.398	4.939	0.182	
0.624	0.284	-0.309	-0.347	0.156	-0.181	0.166	0.261	
-0.151	1.136	-0.245	1.115	
-0.800	-1.652	-1.541	0.020	
-0.646	-0.627	-1.766	0.491	
