6
16 16 8 8 8 4 3 
-0.423	-0.740	-1.473	0.342	1.851	2.563	-0.312	-0.304	0.139	-0.005	0.349	0.037	0.023	-2.071	0.022	0.736	
0.126	0.239	-2.969	-0.081	-0.045	-0.097	-0.181	-4.001	-0.191	0.220	0.254	0.079	1.347	-0.097	1.234	0.036	
-1.046	-0.118	0.809	1.074	0.129	-0.038	-0.059	-0.067	-2.800	0.092	2.513	1.468	0.696	-0.148	-0.309	0.827	
-0.029	-0.157	1.352	0.086	-0.205	1.385	0.084	1.295	-0.060	1.859	1.408	0.596	-0.205	0.097	-0.249	1.231	
-0.069	0.845	1.148	0.070	1.642	0.341	-2.577	-4.018	0.177	-0.166	0.451	-0.009	-0.274	0.197	2.474	0.412	
0.333	-0.025	0.205	-0.088	-0.723	0.071	0.269	0.026	1.684	0.197	-0.044	-1.110	-0.431	-0.220	-0.002	0.228	
-1.710	-0.168	0.162	-0.421	-0.927	0.177	0.160	1.144	0.023	-0.239	-0.270	0.179	-1.657	1.816	0.066	1.504	
-1.586	1.513	0.025	0.114	-0.050	0.139	0.343	-0.122	0.911	-0.716	0.230	-0.259	-1.472	0.964	-0.450	-0.095	
0.096	-0.678	-0.024	0.019	-0.845	-1.219	-1.529	0.841	1.133	0.383	0.247	0.204	0.137	0.067	-1.154	0.299	
0.003	-1.925	-0.326	-0.095	-0.173	-0.114	0.945	0.009	0.778	-0.061	-0.030	-0.233	-0.485	0.184	0.263	0.175	
-0.759	0.064	-0.255	-0.071	0.115	-0.121	-0.023	0.712	0.125	-0.006	-0.148	-0.194	-0.539	0.219	1.031	1.718	
0.294	0.460	0.137	-0.163	0.005	0.342	0.485	-0.017	0.172	-0.241	0.272	1.149	0.167	0.270	1.595	0.041	
0.097	-0.008	0.279	0.090	-0.396	-0.044	3.691	-1.875	0.124	1.576	0.018	0.160	-0.311	0.399	-0.304	2.371	
-0.094	0.153	0.317	0.001	-0.290	0.862	-0.024	-0.896	0.169	1.507	-0.201	0.168	0.482	0.060	-0.139	0.026	
-0.292	-0.231	0.168	-0.512	-0.120	-0.189	-2.171	0.126	-0.229	0.000	0.059	0.097	0.049	-0.133	-0.971	-0.101	
-0.206	0.168	0.364	-0.235	-0.964	-0.369	0.109	0.266	-0.439	1.599	-1.417	-0.126	-0.206	0.226	-0.787	1.688	
-0.037	-1.458	1.018	-1.910	0.096	-0.054	-0.232	-0.407	0.107	0.602	2.107	0.125	0.202	-2.001	0.192	0.265	
0.071	-0.044	0.137	0.172	1.327	-0.026	-0.041	-0.124	-0.354	0.420	-0.953	1.477	-0.250	0.074	1.328	1.007	
-1.358	-0.218	-1.569	0.109	-0.006	1.857	0.555	-0.172	0.065	-0.240	0.073	-1.156	-0.023	-0.120	0.015	-0.005	
-2.178	0.118	0.146	0.100	0.782	0.093	-0.272	-0.022	-0.048	-0.574	-0.070	-0.166	-0.161	0.109	1.667	0.150	
0.006	-0.204	0.026	0.126	0.101	-1.512	0.047	-0.128	0.196	-0.085	-0.026	-0.092	0.058	0.190	-1.649	-0.118	
-0.165	0.721	0.280	0.089	0.156	1.819	0.881	0.055	0.698	0.225	0.100	-1.080	-0.243	-0.037	-0.151	-0.088	
-0.010	0.016	-0.130	-0.584	0.051	0.276	0.226	-0.062	0.294	-1.103	0.165	-0.080	2.294	0.798	-4.201	-0.110	
-1.133	-0.982	-1.459	0.001	-0.183	-0.202	0.044	0.292	-0.416	-0.188	-2.740	-1.010	-0.781	0.079	0.422	0.152	
-2.306	-0.016	0.022	0.166	-0.169	-0.573	0.781	-0.010	
0.005	-0.079	0.408	1.784	-0.870	-1.850	0.175	-0.162	
-0.429	0.491	0.489	0.271	0.835	0.186	0.215	0.250	
-1.431	0.194	0.162	-0.161	1.185	0.133	0.794	-0.102	
0.047	-1.218	0.053	0.124	1.614	0.339	0.473	-0.093	
0.456	1.279	-1.360	-0.344	0.107	0.288	0.627	-1.712	
1.110	-0.829	-0.092	0.304	-0.358	0.169	-0.912	-0.098	
-1.048	-1.173	-0.117	-0.335	0.535	0.024	0.178	0.005	
-0.236	0.716	-0.100	0.190	-0.950	-0.112	0.198	0.024	
1.529	0.133	0.128	1.123	-0.487	-1.809	0.456	0.054	
0.382	-0.056	0.278	1.755	-0.093	-1.509	0.764	-0.076	
-0.567	0.031	-1.710	-0.376	-1.039	-0.269	0.647	-0.749	
1.439	-0.322	0.597	0.495	0.316	0.231	-1.132	1.163	
-0.194	0.102	-0.200	-0.021	0.112	-0.494	0.652	-0.254	
-0.067	-0.200	1.353	0.030	-0.748	-0.857	0.266	0.673	
-1.682	0.814	0.487	0.842	-1.793	-0.058	-0.304	-0.003	
1.491	0.150	-0.233	0.441	0.360	-0.248	-0.720	0.185	
-0.278	-1.969	1.305	0.354	0.065	0.032	-0.016	-0.390	
-1.233	-0.304	0.119	-0.350	0.243	0.271	0.626	0.058	
-1.863	0.403	0.217	-0.348	-1.082	-0.058	-0.825	-1.058	
0.560	-0.722	-1.634	-1.661	
0.664	0.624	-1.468	-1.418	
-0.104	-0.434	0.374	1.317	
