6
16 16 8 8 8 4 3 
0.042	0.241	1.120	-0.119	-0.046	0.071	-1.538	0.703	-1.264	0.027	1.819	0.150	-0.025	-0.087	-0.234	-0.203	
-0.001	2.049	0.178	-0.185	2.882	-0.056	0.169	-0.192	-0.099	0.132	-0.152	-0.128	-1.329	-0.526	-1.357	0.139	
0.123	0.968	-0.153	-0.101	0.156	-0.178	0.148	-0.237	-0.298	0.193	-0.350	-0.055	-0.082	1.349	-0.651	2.027	
-0.226	-0.564	0.135	0.046	-0.926	-0.196	-0.355	-0.769	0.244	0.262	2.147	-0.079	-0.062	-1.801	-0.151	-2.830	
-0.080	0.690	0.272	0.177	-0.190	0.142	-0.008	1.261	0.740	0.017	-2.854	0.994	0.641	-0.605	0.921	-0.624	
-0.800	-1.664	-0.198	1.896	0.040	0.386	1.698	-0.135	0.494	0.447	-1.323	0.169	-0.188	-2.851	0.286	-0.122	
0.231	0.192	0.181	-0.550	-0.938	0.310	-0.005	-2.935	-0.277	0.181	-1.192	-0.105	-0.159	-1.526	-0.616	-0.139	
0.067	-1.214	-0.219	-0.597	-0.110	0.112	0.370	-0.239	1.117	-0.429	0.167	-0.084	-1.474	-0.132	-0.001	1.146	
-0.192	-0.008	1.427	0.220	-0.631	-0.087	0.111	0.117	-1.013	-0.961	0.204	-0.070	0.236	-0.389	-0.294	-0.121	
0.177	-0.353	0.246	-0.034	0.069	1.548	-0.064	-0.146	-0.038	-1.948	-0.446	2.512	-0.077	-1.657	-0.255	0.435	
0.131	-0.142	1.882	-0.172	0.452	-0.764	0.018	-0.133	0.565	0.575	0.371	0.131	-2.225	0.302	0.207	-0.091	
-0.237	0.169	0.296	0.176	-0.387	-0.333	1.194	-0.653	0.020	1.102	0.005	2.100	-0.091	-0.340	0.308	-0.592	
-0.140	0.257	-0.964	-0.065	-0.583	0.201	0.400	0.566	-1.099	-0.972	0.003	-1.809	2.449	-0.149	0.005	0.356	
-0.489	-0.021	-0.206	0.698	-0.817	0.091	0.296	-0.142	0.146	-0.316	1.022	0.024	-0.159	-1.276	0.101	0.177	
0.079	-0.140	-1.790	1.471	0.053	0.970	1.000	0.241	1.836	-0.106	0.154	0.042	-3.182	-1.166	0.080	0.252	
0.187	-1.002	0.061	0.921	-0.192	1.550	0.424	0.282	0.030	-0.842	2.005	-0.097	-0.041	0.238	0.065	-0.010	
-1.265	0.257	-0.779	2.351	0.139	0.291	0.173	-1.396	-0.844	-1.446	0.245	1.341	-2.257	-0.022	-0.047	-0.159	
0.102	0.589	0.513	-0.066	0.403	0.200	0.034	0.318	0.356	0.085	1.161	-0.955	0.253	0.156	-1.537	0.207	
-0.730	-0.292	-0.159	0.321	-0.653	-0.104	0.361	1.057	-0.753	0.088	2.526	2.018	-0.016	-0.153	-0.026	-0.294	
1.139	0.386	0.130	-0.592	-0.032	0.161	2.913	0.212	0.156	-0.336	-0.153	0.762	1.404	0.634	-0.082	0.135	
-0.836	-0.078	-2.328	-0.350	0.381	0.232	1.197	-0.232	0.105	0.411	0.603	-0.186	-0.195	0.320	-0.214	0.769	
0.701	0.780	0.042	-0.060	-1.207	1.392	0.312	0.090	-0.150	1.051	1.908	-1.380	0.326	-0.019	-0.790	-1.766	
-0.975	-0.141	-0.819	-0.761	0.135	0.099	0.144	0.294	-0.077	-0.866	0.010	0.228	0.227	1.579	-0.042	-0.116	
0.135	-0.150	-0.358	0.775	-0.043	-0.608	-0.329	0.625	1.110	-1.203	2.101	0.304	0.004	0.015	0.859	2.321	
0.041	0.326	0.020	-0.032	-0.107	0.243	0.137	0.423	
-1.180	0.817	0.697	0.578	0.490	0.568	-0.172	-0.391	
-0.572	-0.349	-0.034	-1.812	0.380	-1.492	2.474	0.317	
-0.703	-1.569	-0.522	0.591	0.446	-0.521	0.351	-0.148	
4.349	0.020	-0.399	0.368	0.122	-0.696	0.214	-0.855	
-0.647	-0.165	0.881	-0.173	0.454	0.123	0.791	0.053	
1.403	-0.174	1.653	0.082	0.130	0.030	0.295	-0.540	
-1.191	0.056	3.691	-0.483	-0.235	0.216	0.059	0.398	
-0.197	-0.706	-0.069	3.593	-1.196	-0.034	-0.502	0.403	
-0.381	0.339	0.141	-0.605	-0.355	0.496	1.114	-1.849	
0.160	0.720	-0.103	-0.178	-0.311	-0.265	-1.642	0.888	
0.079	0.418	-0.516	-1.705	-0.873	0.100	-0.411	0.446	
-0.481	-0.648	-0.051	-0.382	-0.155	0.179	-0.413	0.341	
-0.350	-1.535	0.596	-0.411	-0.249	-1.224	0.059	0.058	
0.286	0.448	0.005	0.244	-1.413	0.274	0.235	0.453	
-0.306	-1.119	-0.407	-0.146	0.112	-1.778	-0.187	-0.328	
1.872	-0.400	-0.325	0.475	-0.252	-0.114	-0.294	-0.101	
0.202	-0.338	-0.048	-0.319	-0.341	1.250	-2.918	0.312	
0.244	-0.696	0.547	1.489	-0.081	-1.401	0.478	0.013	
0.975	-1.976	-0.479	0.139	-0.465	-0.771	0.180	0.052	
0.587	-1.395	0.869	-0.431	
-0.159	0.561	-0.306	0.362	
-2.244	-0.109	-0.302	-0.379	
