6
16 16 8 8 8 4 3 
-0.365	0.195	-0.234	0.991	0.039	-0.167	-0.811	-0.608	0.244	0.096	-0.268	-0.004	0.023	-0.356	-0.083	-0.113	
-0.042	0.215	0.129	1.943	-0.015	-0.061	-0.546	0.231	0.365	0.229	0.250	0.251	-0.914	-0.929	-0.152	0.043	
1.164	-0.150	-0.240	0.269	0.081	0.292	-0.017	0.025	0.174	0.095	0.200	-1.797	-0.428	-0.783	-0.284	-0.378	
-0.231	-0.197	-0.045	0.057	-0.176	-0.257	2.381	0.771	0.193	0.236	0.225	0.639	0.112	0.104	0.148	-0.014	
-0.005	0.158	1.132	-0.481	0.605	0.636	0.267	0.035	0.073	-1.637	0.451	0.156	0.788	1.191	0.064	-4.072	
-0.540	-0.027	-0.198	-0.098	1.149	1.346	-1.168	-0.243	0.113	-0.188	0.820	-0.875	-0.835	-0.081	-1.782	0.587	
1.933	-0.086	-0.255	-0.949	0.108	1.187	0.114	-0.011	0.043	-0.083	-0.413	-1.678	-0.151	-0.204	-1.643	-0.083	
-0.221	-0.926	-1.712	-0.177	-0.052	0.732	2.309	-0.018	-0.097	-0.374	0.267	0.425	0.187	0.809	-2.063	-0.095	
1.171	-0.838	-0.018	3.301	-0.264	0.766	-0.227	0.056	-0.442	-0.386	1.494	-1.235	-0.294	0.373	0.149	0.299	
-0.563	0.193	-0.192	-0.385	-0.212	-0.705	0.160	0.042	0.514	-0.111	-0.282	0.453	-0.224	-0.094	0.252	0.051	
-0.206	0.099	-0.257	-0.144	0.061	-0.195	-0.036	-0.580	-0.140	-1.028	-0.136	-0.271	-0.566	-0.986	-0.069	-1.743	
-0.788	-0.749	-0.567	0.077	0.045	0.242	2.158	-0.011	-0.631	0.365	0.255	0.356	0.091	0.237	0.480	-0.006	
0.936	-0.212	-0.800	1.671	-0.089	-0.769	0.100	1.219	-1.004	0.114	-0.807	0.699	-1.713	0.256	0.589	0.068	
-0.206	0.258	0.164	-0.075	-0.218	-1.413	1.775	-0.347	-0.171	-3.661	0.285	-1.016	0.050	0.118	0.086	-0.171	
-0.245	-0.370	2.582	-0.100	-0.024	-1.238	0.291	1.681	-0.271	0.019	-0.017	-0.240	0.121	-0.857	-0.080	0.743	
1.145	-0.604	-1.150	-0.197	0.177	-0.046	1.420	0.222	0.134	0.210	-0.248	0.138	0.454	0.994	0.389	-0.121	
-0.711	-0.036	1.912	-1.400	-0.862	-0.034	-0.068	-0.392	0.128	-0.186	0.322	-0.274	-0.144	0.059	-0.213	0.265	
-0.757	-0.044	-0.015	0.162	-0.094	0.862	0.884	-0.116	-1.955	-2.370	-0.815	0.335	-0.343	-1.506	0.230	-0.169	
-0.703	-0.131	-0.275	0.046	0.559	-0.153	-0.140	-0.131	0.027	-0.165	0.151	0.048	-0.001	-0.165	0.028	0.371	
-0.350	-0.191	-0.077	-1.440	-0.010	-0.009	-0.203	-0.106	-0.150	-0.504	-0.132	-0.077	-0.065	-0.744	0.229	0.150	
-0.606	-0.136	1.291	-2.781	0.702	-0.584	1.909	0.025	0.196	-2.051	-0.605	-0.007	0.046	0.220	-0.572	1.606	
-0.179	2.362	0.270	0.544	4.201	-0.853	-0.197	-0.417	-2.794	-0.001	0.979	-0.573	-1.335	0.870	-0.601	1.324	
-0.026	-0.189	-0.588	1.371	0.051	0.694	-2.689	0.312	0.157	-0.197	0.072	0.016	0.255	-0.381	-0.077	0.437	
0.098	-0.517	0.407	0.897	-0.182	0.262	0.063	0.256	1.781	-0.206	-0.067	-0.062	0.057	0.049	0.279	0.183	
1.229	-0.041	0.009	-0.908	-0.046	-0.695	0.797	-0.121	
-0.377	0.934	0.327	0.525	-0.611	0.044	0.327	-0.250	
-0.203	-0.830	1.033	1.780	-0.319	0.097	0.169	0.276	
-0.121	0.950	0.093	0.267	1.999	-2.261	0.112	-0.008	
0.693	-0.830	0.709	-0.351	-0.300	-2.453	0.506	-0.589	
0.214	-0.081	1.128	-2.982	0.468	0.502	0.372	-0.665	
0.507	-0.250	-1.578	-0.290	0.297	0.064	-1.159	0.062	
-0.163	-0.210	-0.187	0.412	0.653	-0.133	-0.735	0.075	
-1.087	-0.633	0.695	0.190	0.127	0.054	0.211	0.002	
-0.998	1.509	-0.134	0.020	-0.762	-0.898	0.315	0.121	
-0.615	0.320	0.003	0.086	-0.786	0.071	0.942	-0.256	
-0.665	0.137	-0.064	-0.040	-0.715	-1.089	0.117	0.288	
-0.074	2.117	0.361	0.696	-0.533	0.140	-1.324	0.252	
-0.103	-0.445	-0.059	0.127	0.765	-0.199	-0.157	0.706	
0.084	-1.112	0.248	-0.592	0.907	2.024	-0.186	0.544	
1.391	-0.081	0.392	0.226	3.005	2.382	-0.015	0.716	
0.170	0.705	-0.093	-0.740	0.089	-0.446	-0.359	0.218	
0.339	-1.149	-0.350	-1.888	0.981	0.248	-0.016	-0.612	
0.343	-0.247	-0.549	-0.771	0.406	0.271	1.629	-0.131	
2.314	-0.205	0.501	-0.125	-0.501	-0.372	0.301	0.842	
0.609	1.945	-0.452	-0.590	
2.392	0.577	-1.072	0.980	
-0.115	-0.037	0.712	0.523	
