6
16 16 8 8 8 4 3 
-0.419	-0.013	1.338	-0.251	0.150	0.460	-1.325	-3.784	0.143	-1.395	0.031	0.576	0.229	3.716	-0.016	0.244	
-0.331	-0.429	-0.886	0.304	0.345	-0.150	0.169	-0.244	-0.752	0.230	0.111	0.014	-0.517	0.206	0.009	-1.593	
0.955	-0.142	0.239	-1.162	0.773	1.356	0.060	0.635	-1.445	0.374	-1.170	0.951	-2.959	0.115	0.136	0.285	
-0.949	1.221	-0.860	1.983	0.099	0.783	-0.060	1.919	0.231	0.487	-0.127	-0.058	-0.248	-0.518	-0.311	0.286	
-0.258	0.459	-0.325	-1.066	0.106	-2.892	-1.118	2.041	-0.374	-0.012	-0.096	1.768	-0.052	1.836	-0.043	1.391	
-1.210	-0.633	2.676	0.098	1.472	0.134	0.075	0.165	-0.311	-0.685	-0.557	0.191	-0.093	2.263	0.648	0.041	
0.912	-0.103	0.005	1.023	-1.440	0.640	-0.712	0.410	-0.323	-0.127	0.294	-0.770	2.802	-0.353	0.236	-0.176	
0.284	0.044	0.211	0.160	0.077	2.707	0.111	-1.056	0.061	-0.280	-0.492	-0.199	-0.736	1.883	0.204	0.349	
-0.053	-0.503	-0.090	-3.133	0.131	1.521	0.125	0.107	0.345	0.158	-2.968	1.403	0.897	-0.207	-0.341	0.917	
-0.691	-0.077	0.102	0.437	-0.041	-0.200	0.938	-1.762	-1.667	1.055	0.256	-1.351	1.463	1.653	-0.195	-1.151	
0.298	-0.500	1.073	-0.093	-0.218	-0.100	-1.696	-0.569	-0.080	-0.706	0.001	-0.261	0.026	-0.471	0.169	-0.398	
-0.065	0.293	-0.106	0.636	0.151	-0.190	-2.128	0.163	-0.141	0.377	0.129	-0.077	0.144	0.234	0.231	0.045	
-0.079	0.028	0.212	0.073	-1.038	-0.250	0.202	0.025	0.715	0.248	-0.235	-0.120	0.295	0.161	0.051	0.012	
-1.552	0.141	0.364	-1.888	-0.435	-0.051	0.103	0.108	-0.094	0.117	-2.256	-0.004	-0.037	0.056	-0.171	-0.336	
1.581	-0.207	-0.324	-0.976	0.104	0.058	0.055	-0.016	-0.110	0.031	-0.557	0.903	2.604	-1.262	-1.567	-0.152	
-0.580	-1.063	0.017	0.113	4.307	0.279	-1.439	0.093	-0.094	-0.501	0.117	0.095	-0.118	-0.374	0.616	-0.144	
1.217	-2.448	-4.775	-0.210	0.019	0.416	0.201	0.496	-0.142	-0.317	0.760	1.732	-0.740	-0.290	0.094	0.051	
0.512	1.003	-1.195	1.558	-0.686	0.579	0.180	0.122	0.012	-0.037	0.266	-0.504	-0.149	-0.185	-0.230	-0.092	
0.206	0.176	0.207	0.450	-0.211	0.228	-1.475	-0.311	-0.086	0.563	-0.109	-0.682	2.041	2.396	-0.194	-0.010	
-0.497	0.275	1.119	0.083	0.864	-0.315	0.076	-0.072	-1.370	1.139	0.810	-1.042	0.159	-0.195	1.167	1.418	
-1.812	-1.313	0.204	0.289	-1.591	-0.053	1.163	-0.319	-0.445	2.220	-1.629	-2.815	0.143	0.471	0.048	0.108	
1.443	-0.495	-0.857	-0.034	-0.020	0.298	-0.036	2.194	-0.311	-2.316	-0.260	0.465	-0.034	-1.039	0.417	1.650	
-0.736	0.321	-0.002	-1.263	0.024	-0.504	0.182	0.281	0.171	0.640	-0.475	-1.880	1.483	-0.468	-0.294	0.080	
-0.563	-0.260	-0.136	0.217	-0.626	-1.199	-0.224	-0.532	-2.804	0.100	-0.166	1.239	1.920	0.103	-0.308	2.781	
0.107	1.357	0.453	-1.071	1.234	0.274	-0.548	0.203	
-0.168	-0.112	0.509	1.228	2.154	0.098	-2.339	0.451	
1.431	-0.345	0.205	0.037	-0.136	-0.152	0.253	0.228	
-1.054	0.237	0.140	-0.192	-0.932	1.011	1.762	-0.543	
0.730	2.861	0.857	-0.599	1.584	0.029	0.041	-0.413	
0.033	0.408	0.958	0.668	0.953	-0.413	4.035	-1.523	
3.416	0.685	0.144	0.162	0.157	-0.310	0.052	1.339	
-0.740	1.515	1.237	-0.098	2.964	3.263	-1.626	0.206	
-2.281	-0.449	-0.642	2.455	0.131	-2.611	-0.139	-0.274	
0.466	-0.226	0.095	-0.804	-0.856	-1.264	0.024	0.568	
0.221	-1.434	0.624	1.351	-2.673	-0.079	0.552	-2.536	
-0.005	-1.274	-0.700	-0.238	-0.170	-0.290	-0.080	-1.812	
-2.884	-0.030	-0.458	-1.519	-0.704	0.086	0.639	0.419	
0.217	0.705	-2.418	0.006	0.583	-2.271	0.331	-0.134	
-0.001	-0.737	0.236	-0.556	2.163	3.141	1.913	-1.333	
0.977	1.873	-0.478	0.099	-0.245	-0.421	0.558	-0.372	
0.275	-0.022	-0.109	-1.042	2.053	0.988	-0.325	0.130	
0.227	-0.546	-0.062	-0.691	0.474	-0.924	-0.210	0.072	
-0.703	0.247	-0.020	0.107	-0.313	-0.512	1.022	-0.983	
0.417	-0.130	-0.512	-0.128	-0.026	0.401	-0.858	0.250	
1.144	0.186	1.015	-0.289	
1.070	1.081	0.106	-2.679	
0.296	0.840	-0.269	0.409	
