6
16 16 8 8 8 4 3 
-0.135	0.009	-0.585	-0.119	-0.174	-0.004	0.288	0.227	-0.062	0.070	-0.215	0.215	-0.025	-1.964	1.016	-1.466	
-0.062	-0.055	-0.461	0.131	1.346	-0.009	0.090	-0.187	-0.139	0.084	-0.188	-0.277	-0.580	0.059	0.156	1.290	
0.073	0.242	0.190	-0.289	0.222	-0.077	0.174	-0.071	0.797	-0.466	-0.271	-1.835	-0.142	0.772	0.282	0.888	
1.466	-0.038	0.071	0.006	-0.893	0.101	-0.258	0.486	0.278	3.420	0.047	0.234	0.430	1.080	-0.214	-0.167	
2.190	-0.024	-0.822	1.028	-0.277	-0.177	-0.188	0.712	-2.429	-1.106	-0.151	-0.190	0.191	0.352	-1.276	-0.334	
-0.080	-1.429	-0.151	0.281	1.404	-0.354	0.212	-0.275	0.152	0.014	-0.391	0.169	-0.232	1.049	0.287	-2.224	
0.181	0.277	-0.965	0.868	0.326	0.148	-0.029	0.863	-0.266	-0.214	0.190	-0.257	-0.289	-0.205	-0.086	-0.182	
0.185	-0.125	-0.350	0.247	-0.081	0.097	0.023	-0.109	-0.063	-0.224	0.167	-0.093	-0.373	-1.287	0.006	-0.113	
-0.075	-0.058	0.246	0.091	2.687	-2.564	-0.065	0.138	-1.349	-0.041	0.624	1.139	0.228	-0.455	1.258	-0.767	
-0.119	0.854	0.325	-0.352	0.107	-0.771	0.039	-0.314	0.012	-0.284	0.759	0.141	1.902	1.115	-0.238	0.003	
0.215	-0.171	1.015	-0.262	0.034	-0.143	-0.003	-0.291	-0.504	-0.231	0.461	0.095	-1.261	1.690	0.809	-0.244	
-0.297	-0.027	0.057	-0.353	-0.309	-2.008	1.143	-0.137	-2.051	-0.067	-0.068	0.959	-0.355	-0.373	0.115	-0.139	
-0.053	0.257	-0.895	0.003	0.068	0.032	-0.525	-0.130	1.948	0.772	-0.093	-1.724	-2.056	-1.281	-0.069	-0.215	
1.410	1.528	-0.073	1.354	-0.086	-0.982	0.235	-0.142	-0.077	-0.744	-0.166	-0.309	-1.252	-1.626	-0.989	0.037	
-1.865	-0.019	-0.117	-0.371	0.009	-0.369	1.244	-0.082	0.538	-0.005	2.996	0.041	-0.186	-0.032	-0.094	0.090	
0.556	0.014	0.221	-0.058	-0.125	0.371	-1.333	0.124	0.122	-0.145	1.666	-0.319	-0.112	0.221	0.128	0.121	
-0.044	0.365	-1.326	1.574	-0.165	0.093	0.207	-0.072	-0.445	-0.162	0.310	-0.065	-1.772	0.018	-0.127	-0.098	
0.060	-0.108	0.771	-0.054	0.408	0.206	-0.113	1.458	0.176	1.104	-0.638	0.168	1.903	0.064	0.223	0.586	
0.211	0.463	-0.180	0.189	0.054	-0.104	-0.837	0.128	-0.082	-0.158	0.698	1.573	0.556	0.769	0.079	-0.294	
0.248	0.550	0.443	-1.728	-1.588	0.374	2.454	0.972	0.113	2.462	0.258	0.092	0.226	-0.199	2.085	-0.371	
-0.034	-0.140	-0.132	-0.876	0.353	0.232	-0.352	-1.511	-0.424	-1.284	-0.922	-0.721	0.348	0.512	-1.720	0.026	
1.249	-0.925	-0.422	-0.089	-0.744	-0.015	0.390	1.154	-0.183	0.167	0.120	-0.178	0.307	-0.584	0.071	0.291	
-0.037	0.615	-0.316	0.109	0.178	0.083	0.177	0.145	0.414	0.062	-0.031	0.136	0.160	-0.162	2.371	-0.060	
-0.667	-0.137	0.271	-1.785	0.028	0.219	-0.359	-0.046	-0.035	1.251	-0.125	1.687	1.592	-1.098	0.098	1.262	
-0.259	-0.111	0.028	-0.383	-0.117	-0.078	-0.022	0.424	
-0.593	-1.885	0.983	-0.071	2.075	0.123	-0.183	0.767	
-1.028	-0.631	0.310	-0.314	0.150	-0.154	-0.009	0.033	
-0.185	-0.051	-0.637	0.686	0.148	-0.250	0.027	-0.267	
0.020	-0.047	-0.608	1.717	-0.166	-0.606	-1.711	-0.730	
-0.083	1.872	-0.098	-0.362	4.358	1.532	0.185	2.069	
0.277	-0.204	-0.090	-1.137	-0.174	0.666	0.422	-0.610	
-0.489	-0.054	-1.495	-0.920	-0.235	0.131	1.885	1.086	
-0.378	0.318	0.160	0.134	-1.457	-0.876	2.333	-1.985	
0.586	1.359	-0.132	-0.588	0.005	-0.046	-0.291	-0.215	
-0.483	0.031	0.117	-0.178	0.562	1.810	-0.526	0.178	
0.387	0.715	2.066	0.308	-0.256	0.543	-0.414	0.130	
0.162	-0.581	0.547	-0.270	-0.102	-0.120	-0.047	-0.731	
-0.351	0.365	1.359	-0.346	0.210	-2.360	0.084	0.265	
0.236	-1.275	0.071	0.262	1.176	0.507	-0.034	0.354	
-0.229	0.531	-0.674	-0.266	-2.555	-0.176	-0.392	-0.512	
-0.139	-0.162	-0.453	0.397	0.031	-2.893	-0.986	-0.369	
0.102	-0.452	-0.048	-0.443	-2.394	-0.309	-1.216	0.294	
0.188	0.408	0.365	0.118	0.694	-0.025	-0.592	1.409	
-0.231	0.976	0.398	-0.906	-0.149	-2.209	2.000	0.093	
-0.653	1.466	1.704	0.217	
-0.167	1.277	-0.758	2.075	
0.154	-0.227	-0.781	-0.257	
