6
16 16 8 8 8 4 3 
-0.135	1.208	-1.512	1.194	-0.174	-0.004	0.854	0.227	0.060	1.800	-0.215	1.035	-0.025	-0.144	0.140	-0.871	
-0.062	1.094	0.232	0.131	1.699	0.655	-0.178	-1.070	1.532	0.084	1.428	-0.277	0.951	1.131	0.877	0.143	
0.658	0.037	0.039	-1.008	-0.125	-1.022	0.174	-0.071	-0.201	0.193	-0.271	-0.055	-0.133	2.404	-0.113	0.888	
0.175	-0.038	0.071	0.970	-0.153	0.101	-0.125	0.284	0.615	0.273	0.047	-0.076	-0.145	2.813	-0.214	-0.167	
2.190	-0.024	0.375	-0.070	0.382	0.303	0.157	-0.632	0.243	-1.527	0.091	-0.190	0.295	0.352	-0.295	1.217	
-0.080	-1.429	-0.151	0.009	-1.316	0.193	0.212	0.469	0.152	0.014	-1.057	0.169	-0.232	0.350	-0.158	-2.224	
0.181	0.277	0.100	0.253	0.207	0.148	-0.029	0.187	1.079	-0.214	0.190	0.583	-0.153	0.004	-0.086	-2.353	
0.185	1.905	-0.148	0.281	-0.081	0.097	0.023	-0.109	-0.063	-0.224	-1.121	0.184	-0.373	0.356	2.249	-0.113	
-1.479	-1.046	-0.059	0.091	2.717	-0.101	-0.065	0.138	2.010	-0.041	0.102	-0.120	-0.269	-2.015	3.191	1.001	
-0.119	1.249	0.829	-0.198	1.117	0.371	0.039	-0.803	-1.399	-0.284	0.328	0.156	0.024	4.774	-0.238	1.001	
0.215	-0.171	-0.556	-1.635	-0.511	-0.143	-0.003	-0.430	-0.104	-0.231	-0.564	0.095	-0.312	0.333	0.648	-0.244	
0.466	-0.027	-0.401	0.190	0.328	-0.222	1.143	-0.137	-0.056	-1.184	-0.018	0.456	-1.671	-0.327	-1.034	0.013	
-1.033	-1.932	0.027	1.147	0.068	-1.567	-1.117	-2.182	1.727	-0.124	-0.093	-1.357	-0.108	0.996	0.267	-0.215	
-0.220	-0.094	-0.073	0.400	-0.086	-0.028	0.235	-0.142	-0.077	-0.043	-2.336	-0.524	0.196	0.152	-0.490	2.094	
-0.196	1.397	-0.117	0.593	0.067	0.206	2.976	-0.082	0.538	-0.987	0.410	3.774	-1.738	-0.672	-1.624	1.018	
0.045	0.191	0.221	-0.053	-0.492	0.147	-0.293	0.124	0.122	-0.145	0.922	-0.319	-0.112	0.221	0.113	0.121	
-0.044	0.365	-1.326	1.618	-0.165	-0.452	0.173	0.248	-0.445	-0.107	0.310	0.092	-0.023	0.018	0.368	-0.098	
0.060	0.281	0.294	0.332	1.476	-0.858	-0.113	-0.147	0.065	-1.324	-0.638	0.236	0.212	0.064	0.223	0.296	
0.211	-1.421	-2.224	0.189	0.054	-0.104	-1.222	0.889	0.443	-0.158	0.698	0.077	-3.345	-0.349	-0.298	-0.294	
-0.788	-0.189	0.627	0.319	0.088	-0.420	2.454	0.209	0.113	0.226	-0.153	0.092	0.226	-0.199	3.315	-0.371	
-0.883	-0.457	-0.495	-3.666	0.353	0.232	-1.820	-0.041	0.107	0.339	0.198	-0.749	-1.060	0.406	-0.813	0.026	
1.249	-0.156	-0.225	0.069	0.420	-0.015	0.390	0.090	-0.183	0.814	-0.310	-0.092	0.307	0.020	0.712	3.200	
-0.370	-0.512	-0.316	-0.193	0.178	0.083	1.880	0.341	-0.110	0.705	-0.184	0.136	0.160	-0.162	-0.017	-1.174	
0.036	-0.051	0.271	-1.117	0.570	0.561	0.331	-0.664	1.251	0.165	-0.125	0.236	0.019	-0.109	-0.994	-0.027	
1.278	-0.111	0.969	-0.267	-0.117	-0.078	0.109	0.958	
0.185	1.336	1.967	-1.699	-0.639	0.123	0.462	0.767	
0.010	-0.385	0.310	-0.911	-0.364	0.688	-0.565	0.033	
-0.973	-0.051	0.136	0.686	0.148	-0.250	1.374	0.737	
0.354	-2.343	-0.608	0.482	-0.166	-2.181	-0.139	-0.730	
-0.083	-0.149	0.265	-0.134	0.081	-0.014	-0.354	2.069	
0.277	-0.076	-0.090	-0.797	0.265	-0.017	-0.884	-0.382	
-0.489	0.462	0.557	0.462	1.604	0.131	0.076	1.086	
-0.272	-0.776	-0.044	0.134	-1.457	-0.188	-0.372	0.211	
-0.143	1.359	-0.132	-0.035	0.779	0.392	-0.291	-0.215	
-0.779	0.031	0.117	-0.178	2.542	-0.383	-0.526	-0.972	
-1.382	-0.418	-1.368	-0.181	-0.153	0.543	-0.414	0.277	
1.567	-0.581	1.183	-0.270	-0.419	0.146	-0.047	0.256	
-0.351	-0.157	0.463	-0.346	1.787	0.141	0.084	0.288	
0.236	0.371	0.071	0.262	0.128	-0.077	-1.138	-0.141	
-0.229	0.531	-0.674	-0.266	0.203	-0.176	-0.392	-0.178	
0.759	-1.419	-0.306	0.397	-1.039	-0.084	-0.111	-0.532	
0.102	1.560	0.152	-0.244	-0.371	2.592	1.769	0.294	
0.188	1.624	-0.412	-0.113	-0.081	-0.128	-0.592	-0.144	
0.283	1.850	0.398	-0.081	-0.149	-0.818	0.952	0.530	
1.004	0.674	0.869	0.217	
-0.502	1.137	-0.758	-0.436	
3.060	-0.227	0.365	0.686	
