6
16 16 8 8 8 4 3 
0.584	0.166	-1.063	-0.290	-0.013	-0.495	-0.887	-1.729	-1.094	-0.270	-0.654	-0.135	-0.305	-0.279	0.512	-0.118	
-0.002	-0.352	-0.234	0.200	-0.439	-0.106	-1.644	-0.733	-0.159	-0.311	0.623	-0.207	-0.276	-0.230	-0.142	-0.499	
-0.132	-1.026	-1.118	-0.802	-0.857	1.515	0.184	1.606	0.242	0.163	-1.026	-0.099	-0.953	0.262	-0.525	-0.157	
-1.079	0.179	0.020	-0.944	-1.398	0.173	0.035	0.212	-0.695	-0.223	-0.572	-0.080	0.940	-3.354	-0.236	-0.044	
-1.032	1.535	0.232	0.109	-0.019	-0.549	-0.179	-0.409	0.043	1.003	-0.242	0.116	0.950	1.291	-0.048	1.203	
-0.237	0.178	0.156	-0.036	0.774	-0.081	-0.258	-0.859	-0.619	0.074	-0.718	0.177	-1.206	-0.082	-0.746	0.056	
-0.048	0.411	0.714	0.042	-0.046	-0.131	0.282	-0.298	1.506	0.433	0.020	0.238	0.178	0.045	1.187	0.203	
0.856	-0.666	0.539	0.086	0.104	-0.078	0.058	0.306	1.327	-0.159	0.218	-0.859	-0.153	-0.121	2.672	0.111	
0.185	0.209	0.662	-2.909	0.312	2.189	0.138	1.403	1.543	0.201	-0.137	0.098	-2.079	0.283	0.089	0.028	
-0.223	-0.118	0.077	0.067	0.241	0.932	0.506	0.402	-0.719	-0.146	0.020	1.225	-0.010	-0.103	-0.393	-0.102	
-0.169	0.110	0.088	-0.125	0.059	1.254	0.553	0.257	0.895	-0.014	-0.031	-0.722	-0.509	-0.004	-1.536	0.134	
0.319	-0.136	-0.146	2.338	-0.024	-0.513	-0.039	0.267	-0.325	-0.210	-0.223	0.184	0.273	-0.504	0.055	0.127	
-0.113	0.776	-0.095	0.065	-0.070	-0.337	0.739	1.644	-0.215	-1.694	-1.979	-1.039	-0.071	2.622	-0.266	0.036	
0.079	0.173	0.088	-0.129	0.625	0.192	0.833	-0.485	-0.279	-0.209	-0.015	0.245	0.231	-0.147	-0.953	1.354	
-1.804	0.836	-0.243	-0.119	0.029	-0.012	-0.298	-1.122	-0.016	-0.577	0.052	-0.099	0.166	-0.040	-0.042	-0.067	
-0.215	0.520	0.288	-0.189	0.418	0.158	-0.008	-0.016	1.028	0.173	-1.243	-0.190	-0.068	-0.378	0.090	1.559	
-0.821	-0.285	-0.351	0.244	0.590	0.385	0.049	0.238	0.439	-0.803	0.006	-0.049	0.807	1.182	-0.038	1.433	
-0.091	-0.117	0.037	0.009	0.742	-0.133	2.520	0.092	-0.030	0.044	-0.950	-0.168	0.614	0.187	0.142	-1.893	
0.280	0.095	0.192	-0.752	0.209	1.070	-0.318	1.095	0.038	-0.045	0.350	-0.326	0.522	-0.074	0.206	-0.483	
0.024	1.557	-1.314	0.210	0.709	-0.107	0.090	0.329	-0.040	-0.227	0.336	-0.152	-0.455	-0.246	1.206	0.342	
-0.215	-0.054	-1.119	-1.197	0.331	0.240	1.472	0.145	-0.016	2.443	-0.256	0.305	0.026	0.130	0.585	1.223	
1.973	-1.020	-0.303	-0.018	0.226	-3.399	-1.837	0.414	1.723	-1.322	0.529	-0.162	-1.567	0.125	-0.064	-0.069	
-0.011	0.276	0.154	-0.073	0.333	-1.490	-2.654	-0.108	0.067	-0.223	-0.200	-1.110	-1.404	-0.051	-2.164	-0.679	
-0.147	-0.001	-0.009	1.464	-0.143	-0.141	0.051	-1.489	0.214	-1.149	0.088	0.251	-0.030	0.273	0.020	0.887	
2.078	-0.312	0.050	0.090	-0.434	0.541	0.062	0.238	
-1.185	0.398	0.520	-0.318	0.364	0.104	-1.011	0.108	
0.142	0.378	0.889	-0.214	0.539	0.170	0.006	0.568	
-0.478	-0.091	-0.227	0.382	-1.536	-0.469	0.008	0.016	
1.062	0.156	-0.315	0.389	-0.011	-1.110	0.672	0.084	
-0.255	-0.633	-0.422	-2.226	-0.699	-1.143	0.056	1.027	
0.044	0.311	-0.360	0.166	0.020	-2.996	-0.084	0.300	
-0.842	-0.087	0.162	0.145	0.076	1.393	0.033	-0.321	
0.890	-0.432	-0.164	-0.225	0.225	-0.190	1.017	0.636	
-0.414	0.098	1.392	-0.741	-0.074	-0.270	-0.075	-1.958	
-1.683	0.970	0.447	-0.036	-0.082	-0.328	0.171	1.699	
0.151	-0.147	-0.185	-0.192	0.159	-0.722	-0.837	0.204	
-0.030	-0.266	-1.432	-0.230	-0.264	0.514	-0.244	0.540	
-1.781	0.640	2.548	0.292	-0.182	0.298	-0.738	1.327	
0.433	0.219	0.927	0.726	-1.958	-2.785	-2.617	0.808	
-0.440	0.574	0.223	0.537	-0.097	0.451	-0.291	-0.759	
0.530	0.141	-0.382	0.172	-0.153	-1.305	-0.132	0.027	
0.423	0.161	-0.206	0.196	-1.015	-0.012	0.158	-1.064	
-0.201	0.005	0.029	0.808	-0.592	0.356	0.364	0.660	
-0.317	-0.931	-0.043	1.595	-1.238	0.135	0.975	0.494	
-4.454	-0.257	-0.301	-0.142	
0.441	0.004	-0.395	0.704	
-0.096	0.463	-1.254	0.223	
