6
16 16 8 8 8 4 3 
1.135	-0.079	-0.664	-0.678	0.581	0.415	0.323	0.121	-0.001	0.132	0.524	1.125	-0.157	-0.867	-0.988	0.667	
-0.062	-0.120	0.341	0.073	-2.208	-0.052	-0.022	-2.672	1.724	2.469	0.729	0.468	0.047	0.283	0.111	-0.332	
-0.103	-0.124	0.039	-0.042	0.194	0.395	-0.036	-0.211	-0.203	0.309	-0.271	-0.080	0.321	2.689	-1.246	-0.059	
-0.202	-1.372	0.073	-0.545	-0.235	-1.668	3.205	-0.065	0.327	0.277	0.728	-0.079	-0.486	-0.222	-1.787	-0.212	
-0.110	1.550	-0.999	2.654	-1.175	-0.667	3.211	0.984	0.215	-0.044	-0.151	-0.217	0.056	0.257	-0.256	-0.255	
1.679	2.930	1.093	-0.412	-1.611	-0.309	-0.673	-0.201	0.140	0.041	-0.144	0.925	0.703	0.072	0.199	-0.160	
1.605	0.299	0.763	0.319	0.147	0.175	-0.030	0.003	0.056	-0.314	0.382	1.033	0.432	-0.250	-0.260	-0.418	
-1.609	-0.144	-0.353	0.129	-0.200	-0.436	0.698	0.128	-0.091	-0.131	0.195	0.445	0.091	-1.951	1.281	-0.217	
-0.397	0.952	-0.008	0.387	0.400	-0.202	2.390	-0.096	0.105	-0.063	-2.198	2.027	0.067	-0.430	-0.343	-0.217	
0.229	0.136	0.264	1.729	-0.759	0.293	0.086	-0.237	-0.406	0.284	1.098	-0.585	0.243	-0.688	0.554	0.432	
0.253	0.360	-0.094	0.063	0.692	-0.237	-0.843	-0.864	2.165	-0.206	-0.414	-0.206	-0.811	0.332	0.087	-0.277	
-0.181	0.118	0.115	-1.529	-0.283	-0.309	-1.348	-0.903	-0.104	-0.459	0.461	0.601	0.227	-1.171	0.150	0.075	
-0.788	-1.976	0.772	0.054	0.092	0.083	0.449	0.017	0.217	-0.298	0.648	0.005	-1.590	0.636	-1.007	-0.730	
0.383	-0.727	-1.489	-0.611	-0.234	-0.122	0.260	0.914	-0.092	-0.228	-0.198	-0.476	0.079	0.180	0.036	0.198	
-0.072	-0.036	0.053	0.786	0.145	-0.051	0.054	0.041	0.014	0.012	0.804	-0.185	-0.186	1.262	-0.527	0.067	
0.159	0.014	0.104	-1.386	-2.641	-2.386	1.748	-0.241	0.213	-1.174	0.052	1.659	0.189	0.198	0.065	1.740	
-1.853	0.206	-0.075	0.186	1.244	2.808	0.137	0.133	-0.421	-0.240	3.169	0.045	-0.162	1.631	2.576	-0.976	
-1.240	1.278	-0.169	0.072	1.261	0.200	-1.053	-1.178	0.143	-0.016	0.056	-0.748	1.081	0.481	1.998	0.753	
-0.589	1.387	0.156	0.155	-0.457	-0.091	-0.100	0.130	0.303	0.644	3.449	0.762	0.203	0.489	-0.602	1.046	
0.202	0.017	-0.497	-0.232	0.325	1.338	0.191	0.209	0.320	-0.077	-0.153	0.135	0.172	-1.255	-0.663	-0.253	
0.043	-0.150	-0.114	-0.318	1.706	-1.304	-0.506	-0.041	0.107	0.437	0.070	-0.317	-0.181	1.068	-0.155	1.079	
1.018	0.880	-2.152	-0.087	-1.004	0.024	0.429	0.100	-0.183	0.398	-0.213	1.433	0.850	-0.295	-0.130	0.024	
-0.220	0.016	-0.906	1.215	0.161	0.083	1.479	0.112	0.013	-0.120	-0.037	0.107	-0.018	0.068	-0.017	-0.033	
0.084	-0.789	-0.306	-0.207	0.368	0.935	2.032	0.009	-0.052	-0.055	0.734	0.325	-0.159	-1.882	0.121	-0.027	
1.540	0.053	0.568	-0.267	1.209	-0.165	0.108	0.449	
1.184	-0.611	0.395	-0.817	-1.525	0.086	-0.056	-1.196	
1.053	0.509	2.645	0.903	-0.381	-1.297	-0.292	-1.605	
-0.969	-0.903	-0.534	0.539	0.208	0.166	1.758	-0.972	
-0.058	0.253	-0.505	-0.406	-0.166	1.920	1.958	0.648	
0.348	-0.014	0.163	-0.381	0.086	0.346	-0.573	0.228	
0.441	1.537	0.060	0.082	0.265	0.494	0.317	0.837	
-1.791	0.005	0.709	3.133	-0.410	0.187	0.076	0.431	
1.566	-0.279	-0.380	-0.586	0.118	-0.858	-0.574	0.043	
1.654	0.195	3.689	-0.035	0.056	0.684	0.747	-0.914	
0.036	0.031	-0.932	0.134	0.056	-0.471	-0.258	0.268	
1.396	0.120	0.325	-0.065	-0.865	1.218	-0.390	-0.062	
-0.106	-0.404	-0.253	-0.263	0.104	-0.271	0.860	0.451	
-0.216	0.008	0.773	-0.288	0.854	1.160	-0.236	0.492	
0.189	0.402	-0.141	0.262	1.460	-0.265	-0.208	-0.927	
0.918	1.272	-0.826	-0.252	-0.291	0.232	-0.061	1.085	
-1.012	-0.585	-1.105	0.414	0.002	-0.154	-0.754	-0.347	
0.401	1.356	0.207	-0.121	-0.161	1.783	-0.317	0.214	
0.082	0.245	1.991	0.472	2.324	0.017	-0.371	-2.255	
0.258	-0.269	0.234	-0.081	-0.466	-0.336	0.838	1.068	
-0.901	-1.716	-0.798	0.427	
-0.957	1.137	-0.532	0.285	
-0.399	-0.296	-0.649	0.742	
