6
16 16 8 8 8 4 3 
0.241	0.103	-2.087	0.360	-0.248	0.022	4.160	0.097	-0.132	-0.117	-0.001	0.119	0.115	0.897	-0.908	-1.055	
-0.277	-0.594	-0.336	-0.929	0.602	0.048	0.055	-0.316	0.023	-0.213	0.058	0.614	0.049	0.475	-0.237	0.032	
-0.025	0.767	0.149	-0.033	1.485	-0.533	-0.045	-0.169	0.195	0.352	-0.387	-0.860	-0.152	-0.305	1.035	-0.190	
-0.091	-0.136	-0.085	-2.726	1.088	0.179	0.117	-0.209	1.305	-0.040	-0.035	-1.183	0.693	-0.149	-0.157	0.229	
0.117	0.191	-0.190	0.251	-2.251	-0.518	-0.211	0.234	-1.362	-0.143	-0.838	0.205	-0.235	-0.143	0.162	-0.179	
-0.366	-0.233	-0.121	-0.124	-0.067	0.502	0.018	-3.494	-2.292	-0.756	0.169	-0.065	-0.162	0.409	-0.656	-0.024	
-0.422	0.536	-0.086	-0.424	-2.175	-0.111	-0.245	-0.278	-0.094	-1.113	-0.322	-0.352	0.675	0.167	-0.208	-1.312	
0.050	-2.217	2.258	0.584	-0.003	0.837	0.801	0.667	0.017	2.320	-0.207	0.421	0.205	-0.001	-0.357	1.324	
-0.078	0.080	-0.289	0.222	0.013	1.247	-0.591	-1.503	0.461	0.058	-0.272	0.333	0.179	0.104	0.293	0.220	
0.550	0.173	-0.138	-1.829	0.197	0.304	-0.133	0.173	-0.155	0.228	0.375	-0.228	-0.172	-0.039	0.318	-0.153	
0.237	-0.938	0.060	-0.167	-0.486	-0.004	0.244	-0.182	-0.929	-0.094	2.385	-0.090	-0.288	0.919	-0.593	0.193	
0.098	0.084	-0.628	0.274	0.124	-0.101	0.273	-2.357	0.937	-0.459	-0.138	0.103	1.528	3.020	-0.053	0.466	
-0.013	0.679	-0.105	0.131	-0.443	0.041	-0.550	1.610	0.369	-0.251	-0.361	-0.042	-0.244	-0.274	0.649	0.328	
-0.315	1.461	0.109	-0.751	-0.527	-0.914	1.770	-0.103	0.074	0.514	-0.112	-0.232	-0.126	0.566	-0.401	-0.031	
0.241	-0.384	1.966	-0.495	0.336	0.159	-0.100	0.069	-0.895	-0.076	-0.953	0.055	0.345	-0.262	-2.818	2.248	
-0.688	0.111	-0.140	-0.293	-0.448	-0.076	0.246	0.104	0.091	0.004	-1.362	-0.661	-2.142	-0.101	0.397	-1.506	
-0.273	0.000	0.077	1.246	-0.000	0.125	-1.088	-0.273	-0.089	-0.995	1.869	-0.046	-0.926	-0.021	-0.015	-0.210	
-0.195	0.023	1.259	0.167	-0.259	0.290	1.955	-1.212	0.166	0.188	0.216	0.134	-0.136	-0.273	0.693	-0.148	
0.318	-0.010	1.660	0.496	0.072	-0.933	1.838	0.049	0.159	0.364	3.636	-3.174	0.094	1.585	0.027	4.314	
-1.617	0.155	-0.041	-1.386	0.051	1.520	-0.393	-0.052	0.096	-1.683	0.901	1.305	0.444	-0.406	-2.343	0.453	
-1.776	1.415	0.319	-0.062	-0.266	0.025	0.464	-1.258	-0.092	-0.808	-0.129	-0.946	0.194	-0.095	0.758	0.115	
-0.120	1.032	1.945	-0.242	-0.478	1.854	1.678	-0.199	0.656	-0.791	0.606	1.126	-0.149	-0.055	-0.426	-0.185	
0.786	1.090	0.278	0.964	0.346	0.083	-0.003	0.047	-1.339	2.003	0.656	0.460	1.260	-0.087	0.763	-0.891	
2.456	0.823	-0.153	0.203	-0.016	-1.908	0.762	1.434	-0.404	-0.127	-0.694	-0.052	2.529	0.943	-0.035	2.546	
-1.286	1.521	0.600	-0.389	0.993	-0.310	1.402	-0.040	
-0.510	1.065	-0.280	0.282	-0.231	-0.027	-0.265	-0.747	
0.708	-0.128	0.024	0.680	-0.541	-0.512	-0.812	-1.305	
-0.388	0.442	-0.063	0.794	0.180	-0.155	-0.068	-0.272	
0.974	-0.036	0.017	0.349	0.257	0.024	1.116	0.058	
0.445	1.653	-0.009	-0.514	-1.592	-0.224	-0.470	3.111	
-0.195	1.175	0.875	0.349	1.831	-0.030	-1.069	-0.123	
0.117	-0.372	0.446	-1.110	0.377	0.034	-1.641	-0.440	
1.654	0.252	0.910	0.119	0.740	0.099	-0.860	-0.489	
1.418	-0.322	2.698	0.871	0.598	-0.387	-0.109	0.412	
-0.349	0.957	1.883	0.062	0.297	1.949	0.369	-2.740	
-0.650	2.103	-0.391	0.142	-0.852	0.827	-0.537	-1.295	
-0.466	0.495	-0.166	0.475	0.247	2.571	0.510	-0.012	
2.666	-0.031	-0.695	0.135	-0.355	0.010	1.911	0.308	
1.179	3.147	0.171	0.407	-0.007	0.335	0.981	-0.854	
-0.694	-0.657	1.863	0.180	-0.533	0.819	0.377	-0.228	
-0.569	0.465	-0.045	-0.107	0.252	0.314	2.015	1.748	
0.371	0.119	-0.083	-0.180	0.378	-0.292	0.063	1.033	
0.547	0.016	1.718	-0.929	-0.276	0.332	-2.333	-0.367	
1.304	0.280	-0.320	0.551	-1.114	0.116	2.166	-1.268	
0.066	-0.208	-0.594	0.178	
-0.274	1.349	0.877	0.357	
-0.741	0.714	2.156	-0.680	
