6
16 16 8 8 8 4 3 
-1.315	0.126	-1.651	-0.708	0.141	-0.064	-0.188	0.416	-1.079	0.662	0.311	1.107	-0.988	-0.153	0.130	0.081	
-0.866	-0.045	-0.510	-0.067	0.202	-1.322	-0.604	0.768	-0.748	1.384	0.183	1.369	0.085	0.019	0.106	1.400	
0.134	-2.248	-0.039	0.229	3.163	-0.021	-1.170	-0.101	1.425	0.013	-1.117	0.132	-0.732	2.504	1.074	0.164	
0.149	-0.150	-3.539	0.026	1.592	2.151	-2.858	0.256	-0.838	-0.808	-0.374	0.064	-0.025	0.125	-0.729	0.233	
-1.219	-0.078	-0.039	0.114	0.019	0.240	0.660	-0.158	0.299	-0.167	-0.420	0.031	-0.382	0.821	-0.038	-0.561	
-0.473	-0.080	-0.544	-0.157	-0.016	0.885	-2.351	0.942	0.075	0.252	0.727	2.304	-0.199	-0.020	0.778	3.065	
0.059	-1.072	-2.541	-0.552	-0.004	-2.241	0.113	0.014	1.293	-0.418	-1.884	-0.562	-0.137	-0.788	0.912	0.881	
0.114	0.102	-0.386	0.239	-1.043	-0.315	0.128	0.104	-2.182	-0.383	0.165	-0.138	0.329	0.258	-0.007	0.518	
0.077	-0.346	0.029	-2.251	0.705	0.437	-0.375	-1.220	0.177	2.190	0.247	-0.293	0.188	0.927	0.149	0.299	
-0.196	0.238	-0.997	-0.648	-0.051	-0.085	0.725	-0.068	0.125	-1.486	2.153	-0.193	1.416	0.080	0.114	-1.975	
0.215	-0.578	-0.025	-0.073	0.041	-1.295	-0.217	1.320	0.015	0.781	-0.018	-0.471	-1.309	1.559	-0.149	-0.105	
-0.868	-0.233	0.208	-0.284	0.207	-2.415	-0.066	-0.021	0.120	-2.139	0.289	0.277	0.269	0.627	0.960	0.256	
-0.196	1.211	0.483	-0.012	-2.156	-1.319	3.723	0.249	0.607	0.160	-0.156	0.096	0.163	0.126	-0.435	0.145	
-0.017	0.186	0.081	-0.870	-0.325	0.514	-1.177	-1.866	-0.196	-2.464	-0.110	-0.348	0.084	0.019	1.286	0.522	
-0.096	-1.228	0.071	-0.123	-0.036	-1.755	0.078	-0.042	-0.365	0.019	-0.399	-0.089	0.155	-0.054	0.316	1.393	
1.264	0.091	0.706	-0.236	1.397	0.201	2.599	0.222	1.855	-0.031	-1.419	-0.774	-0.021	-0.420	0.169	-0.141	
0.007	-0.136	-0.207	-0.309	-0.410	-0.096	-0.409	-1.966	0.212	-0.341	-3.759	0.117	-0.304	-0.118	0.296	0.222	
-0.016	0.003	0.732	-0.024	0.634	-0.924	0.268	0.583	-0.065	0.261	0.057	-0.547	-0.213	0.032	0.245	-0.848	
-0.227	0.141	-0.316	1.522	-0.049	-0.607	-0.489	0.833	0.032	-0.411	-1.138	0.031	1.798	-0.143	0.203	1.228	
0.329	-0.525	-0.415	-0.085	0.263	0.849	-0.872	-0.062	1.202	-0.642	0.582	-0.099	-0.112	0.221	-0.976	0.177	
-0.136	2.121	0.019	-0.163	0.071	0.083	-0.061	-0.098	2.865	-0.141	2.030	-1.016	1.760	0.789	0.299	-1.888	
-0.311	-0.011	0.082	-0.514	-0.603	-0.138	-0.141	0.117	0.271	0.358	0.133	-0.178	1.059	-0.344	-0.105	-0.160	
-0.076	-0.690	-0.174	0.233	-0.407	0.083	0.403	-0.019	-0.896	-0.115	0.861	0.682	-0.265	-2.034	-1.099	-0.154	
0.682	-0.088	-0.186	-1.123	-1.807	0.681	0.005	-2.478	0.408	-0.285	-0.101	0.090	1.848	0.086	-0.188	-0.546	
-0.353	1.698	-1.559	-0.001	-0.377	0.248	0.798	-0.132	
-0.589	-1.237	-0.301	-0.180	0.563	0.879	0.645	-0.322	
0.026	0.007	0.326	0.983	-0.911	-0.118	0.211	0.699	
0.659	0.775	0.213	0.804	0.063	0.150	-1.789	-0.041	
-0.309	-0.963	-2.295	-0.690	1.118	-0.085	-0.709	0.135	
1.878	-0.153	-0.497	0.528	1.980	1.353	0.048	0.141	
0.237	-0.065	-0.339	-0.970	-0.538	-1.054	1.741	0.103	
0.661	-0.073	0.324	-1.844	0.535	-0.066	-0.310	-0.720	
-0.001	0.297	-0.145	0.622	-1.906	0.453	-0.917	0.061	
1.031	0.260	-0.073	-0.170	-0.764	-1.127	0.444	0.031	
-1.026	-0.171	0.250	-0.317	-0.303	0.154	0.433	-0.289	
-0.363	-0.739	-0.135	-0.044	-0.054	-0.087	0.227	0.269	
-1.342	-1.020	0.378	0.441	-0.354	-3.817	-0.527	-0.085	
-0.419	-0.345	-0.152	0.616	-0.062	-0.426	1.210	0.746	
-0.480	0.710	-1.328	-1.167	0.066	0.119	-0.272	-0.149	
-0.165	-2.309	2.774	-1.108	-2.006	-0.000	0.142	0.275	
0.381	0.388	1.726	0.824	-0.335	-0.494	-0.696	0.049	
-0.500	-0.289	-0.017	0.758	-0.141	-1.771	-0.263	-1.576	
0.242	0.551	0.128	-0.342	-1.242	-1.239	0.167	-0.451	
-0.058	-0.130	0.217	0.699	0.483	-0.172	0.394	3.909	
2.180	0.606	-3.116	-0.345	
0.057	1.535	-0.517	0.179	
-0.440	-2.729	0.481	-0.253	
