6
16 16 8 8 8 4 3 
-2.036	0.086	-0.109	0.243	-0.633	1.090	0.242	-0.261	-1.864	-0.171	0.169	0.415	-0.106	-0.301	-1.954	-0.006	
-0.307	-0.284	0.423	2.003	0.072	1.030	0.089	-0.234	0.504	0.416	1.084	-0.237	-1.864	0.966	-0.072	-0.312	
-2.440	-1.639	-0.334	0.079	0.425	0.168	-2.482	-0.013	-0.049	-2.919	0.241	-0.153	0.412	-0.268	0.375	0.113	
0.254	-0.032	0.283	0.690	0.038	0.356	1.027	-0.275	0.196	-0.958	0.230	-0.043	0.575	1.001	0.041	1.239	
1.502	0.162	0.269	0.044	-1.003	-0.909	-0.068	-0.388	-0.419	0.176	-0.147	0.261	2.269	-0.453	0.461	0.019	
0.285	-1.427	-0.067	-0.505	0.005	-0.387	-0.682	-0.187	0.943	0.193	0.069	-0.268	0.425	-0.015	-0.347	-0.213	
-0.246	-2.440	-0.036	0.325	-0.140	1.043	-0.400	-0.114	0.058	0.074	-0.205	0.437	-2.069	0.477	-0.873	0.365	
-0.043	0.017	0.707	0.918	-0.022	0.139	-0.951	-1.430	0.111	-1.895	-0.545	0.839	0.053	0.122	0.837	-0.154	
-0.276	0.282	-0.121	0.043	0.774	1.663	-0.852	-0.165	-0.948	-1.435	-1.357	-0.390	-1.610	-0.324	0.564	-0.502	
0.203	0.102	0.293	0.343	0.386	-1.296	0.139	0.003	0.426	-0.156	1.609	1.552	2.119	0.986	-0.236	-0.041	
-0.255	1.351	-0.094	1.517	-0.506	-0.083	0.676	0.096	0.268	-0.106	-1.000	1.488	-0.081	-0.203	0.079	-0.034	
-0.278	1.200	-2.006	0.376	0.211	0.007	-1.230	-1.299	-0.460	-0.237	-1.034	-0.050	-0.152	0.438	0.240	0.456	
1.540	0.417	0.104	-0.088	1.355	0.558	-0.229	1.525	0.091	0.202	0.210	-0.288	-0.080	0.553	1.418	-0.472	
0.142	0.219	0.101	-0.521	-1.534	-0.584	-0.117	-0.098	0.133	-0.094	0.253	0.275	0.102	0.154	1.106	-0.267	
-0.470	0.232	2.007	0.062	-0.277	0.031	-0.251	-0.398	-0.748	0.538	-0.205	0.049	-0.907	0.072	-0.222	1.141	
-0.045	-0.008	0.036	-0.594	0.034	-0.220	0.344	-0.248	-1.727	-0.068	0.323	0.048	0.119	-0.926	1.581	0.287	
1.074	-0.244	-0.032	0.161	2.310	-1.634	-4.466	-0.233	-0.248	0.131	0.009	-1.844	2.054	0.251	-0.163	-0.070	
-0.300	-0.905	-0.087	0.579	0.056	0.198	0.060	0.327	0.167	0.069	-0.156	-0.251	-0.155	0.173	-0.071	-2.485	
0.993	-0.937	-0.013	0.096	0.172	0.129	0.046	0.088	0.176	-0.048	-0.404	0.478	-0.775	-0.253	0.141	-1.919	
-0.179	-0.048	-0.161	0.126	-0.227	-0.227	0.734	-2.408	0.120	2.502	0.118	-0.201	-1.416	0.065	-2.541	-1.707	
0.032	-0.259	-0.680	0.205	-1.452	-0.024	-0.033	-0.236	0.080	-0.336	-0.059	-0.185	-0.029	0.072	-0.049	0.214	
-0.150	-0.195	0.092	-0.112	-0.399	-3.088	0.165	-0.066	0.220	0.086	0.341	-0.067	-1.205	1.438	-0.583	-1.155	
-1.234	-0.114	-0.826	0.222	-1.473	-0.214	1.125	-4.080	-0.267	2.313	1.415	-0.076	-1.658	-1.928	-0.003	0.019	
0.999	0.034	-0.776	0.092	0.153	-0.086	0.050	2.345	-0.082	1.212	0.247	0.017	0.819	-1.229	-0.076	-1.730	
-0.071	-0.075	-0.389	-0.001	2.246	-1.828	0.124	-0.049	
-1.727	-0.437	-0.159	0.048	-0.264	-0.088	-1.264	0.832	
-0.038	-0.809	-2.041	-0.171	0.042	-0.348	0.637	-2.072	
-0.258	0.765	0.287	0.526	0.181	0.309	-0.007	0.052	
-0.824	-0.112	-0.634	-1.063	0.477	0.376	0.033	0.196	
1.860	-0.267	0.362	1.805	0.571	0.091	-0.197	-1.321	
1.501	0.227	-2.316	-0.687	0.838	-1.364	0.436	0.437	
-1.490	-0.324	0.317	0.835	-0.135	0.278	0.247	-0.351	
-1.127	-0.105	-0.055	-0.488	0.125	-0.332	0.428	0.376	
0.141	0.510	-0.733	-1.984	-0.610	-1.517	0.164	1.114	
-0.311	2.043	0.377	0.213	-0.200	-0.140	-0.612	0.138	
-0.858	0.692	2.049	-0.330	-0.814	0.576	-0.780	0.051	
-0.402	0.423	-2.772	0.251	0.117	-1.453	0.625	-0.358	
0.466	-0.109	-0.375	0.117	-2.352	0.379	0.297	1.006	
-2.291	0.581	0.718	-0.808	0.432	1.047	-0.572	0.314	
1.634	1.591	-1.422	-0.477	-0.130	0.683	0.018	0.130	
-1.143	-0.160	1.524	0.193	-0.035	-0.056	-0.953	-2.234	
-0.319	-0.048	-0.261	0.816	-0.378	-0.074	-0.062	-0.291	
0.275	-0.449	0.267	-2.525	-0.089	0.398	3.367	0.182	
0.624	0.284	-0.309	-0.347	0.156	-0.181	0.166	0.896	
-0.151	0.123	-0.245	1.115	
-1.044	-1.652	-1.541	0.020	
-0.646	0.686	-1.766	0.491	
