6
16 16 8 8 8 4 3 
-0.365	0.195	-1.563	0.342	0.039	-0.167	-1.600	0.849	0.529	-0.320	0.256	-1.051	0.023	-0.356	-0.083	0.902	
-0.799	0.215	0.129	0.196	-0.015	-0.061	-0.546	0.231	0.365	0.031	0.536	0.251	0.068	-0.130	-0.152	0.571	
-1.627	-0.277	-0.368	0.125	-0.206	-0.038	-0.126	-0.710	0.273	0.095	-0.124	-1.797	-0.433	0.761	-0.284	-0.050	
-1.798	-0.197	-0.254	-0.055	0.457	-0.257	2.381	1.556	0.165	0.236	0.225	0.291	0.216	0.718	0.148	-0.014	
-0.034	0.664	-1.439	-0.024	1.516	0.171	0.267	0.099	0.598	0.060	0.392	0.054	1.269	1.191	0.064	1.025	
0.380	-0.027	-0.198	1.701	1.149	1.447	-0.218	1.018	0.113	-0.188	1.671	-0.875	-0.095	0.117	0.867	0.193	
1.933	-0.086	0.835	-0.949	-0.296	1.187	0.114	-0.011	0.043	0.953	-0.413	-1.678	1.398	0.518	-0.330	-0.083	
0.118	-0.478	-0.325	-0.128	-0.052	0.106	0.134	-0.018	-0.097	-0.374	0.267	1.779	0.187	0.050	-0.651	-0.095	
0.036	-0.153	0.863	2.915	-0.093	0.308	-0.846	1.031	0.166	-2.289	1.494	-0.114	-0.348	0.020	0.149	0.299	
-0.069	0.193	-0.192	0.187	-1.556	-0.721	0.624	0.315	0.323	-1.399	-0.282	-0.171	-0.224	-1.260	-1.806	0.051	
1.697	0.099	-0.133	-0.144	-0.468	-0.195	-0.137	-0.031	-0.269	-1.630	0.115	-0.271	1.271	0.205	-0.069	-1.924	
0.380	-0.749	-2.158	-0.163	1.063	0.242	2.158	-0.011	0.135	1.198	0.308	0.356	0.091	0.237	0.480	-0.006	
0.097	0.334	0.138	1.671	-0.593	0.204	0.100	-2.020	-0.017	0.114	-2.412	0.378	-1.713	0.364	-0.352	0.068	
-0.206	0.258	0.164	0.134	-0.218	-1.413	0.097	-0.347	-0.171	-3.036	0.848	-2.071	0.050	-0.708	0.086	-0.171	
-1.605	-0.370	0.093	-0.100	1.123	-1.469	1.255	0.157	0.890	0.019	-0.017	-0.240	0.121	-0.077	-0.577	-0.752	
-3.566	-0.008	0.328	-0.197	0.177	-0.046	1.410	0.004	-0.456	0.210	-0.248	1.238	0.454	-0.427	0.426	-0.286	
0.034	0.179	1.912	-1.120	0.159	0.770	-1.021	0.145	-0.151	-0.333	0.322	-0.274	1.044	-0.403	-0.651	0.265	
-0.757	-0.044	-0.787	0.770	-0.094	-0.408	0.884	-0.116	-0.915	-2.370	0.580	0.335	0.887	-1.506	0.230	-1.747	
0.070	0.603	-1.578	0.046	-0.033	-0.153	-0.116	-0.131	0.027	0.869	1.065	-1.521	1.491	-0.165	-0.497	0.371	
-0.350	0.268	0.239	-0.810	-0.010	-0.123	-1.239	-0.106	-0.150	-0.504	1.009	-0.077	-3.457	0.026	-1.250	0.150	
-0.072	-0.136	1.464	-0.194	0.274	-0.584	1.464	0.586	0.133	-2.051	-0.605	-0.007	1.609	0.505	-0.572	1.606	
-0.179	2.688	-1.378	-0.032	3.685	-0.113	-0.197	2.211	-0.054	0.269	0.459	-1.781	-0.127	1.763	-0.709	0.973	
0.711	-0.189	1.302	2.210	0.051	0.012	0.233	-0.161	-3.072	-0.197	0.416	0.016	0.255	0.013	-0.077	0.437	
0.098	-2.455	0.407	-0.007	-0.182	0.262	-0.308	0.256	0.268	-0.206	0.421	-0.215	0.370	0.049	0.279	0.183	
1.405	-0.080	0.009	1.175	0.927	-0.695	0.797	-0.121	
-0.377	0.775	-0.020	0.525	1.510	-0.552	0.145	-0.250	
0.705	-0.484	1.175	0.212	-0.319	0.097	0.169	0.276	
0.498	0.950	0.093	0.267	1.999	-2.261	0.854	-0.008	
0.044	-1.925	-0.023	-0.351	-0.300	0.038	0.506	-0.589	
0.067	-1.169	-0.324	-0.344	0.255	0.147	0.372	1.421	
0.507	-0.250	-0.434	0.304	0.297	0.064	0.178	0.062	
-0.247	1.519	-0.187	0.412	0.252	-0.133	0.036	0.204	
-1.087	-1.064	0.695	0.290	-0.620	0.054	0.211	0.002	
-0.817	0.150	1.508	0.020	-2.033	-0.257	2.424	0.121	
-0.615	0.320	-1.211	0.513	-0.281	0.071	0.942	-0.256	
-0.665	0.113	2.438	2.888	-0.016	-0.255	0.166	0.288	
-1.730	2.117	0.361	0.696	-0.345	1.094	-0.161	0.252	
-1.285	0.439	-0.059	0.127	1.530	-0.199	0.209	-0.777	
-1.828	-1.275	0.248	-0.292	0.907	0.186	-0.186	0.544	
1.391	-0.081	-1.362	0.226	2.438	0.115	-0.082	-2.927	
0.170	0.150	0.612	0.023	0.089	-2.461	-0.389	-1.484	
0.005	-1.300	1.114	0.437	0.981	0.036	-2.541	-0.612	
0.343	-0.741	0.028	-0.432	0.875	1.126	-0.087	-0.131	
-0.179	-0.205	0.320	0.474	0.324	-0.372	0.301	0.322	
0.609	1.945	1.020	-0.590	
0.376	0.002	-1.072	0.172	
0.522	-0.037	0.935	0.523	
