6
16 16 8 8 8 4 3 
-0.553	-0.909	-1.962	0.342	1.851	-0.679	-0.312	0.760	0.139	0.047	0.349	0.037	0.175	0.452	0.022	0.736	
0.126	0.239	0.134	0.051	-0.045	-0.097	-0.546	-1.757	-0.191	0.220	0.254	1.049	0.074	-0.097	1.563	-0.844	
-0.555	-0.498	0.809	-0.085	-2.550	-0.038	-0.059	-0.067	-0.066	0.092	-1.048	0.166	-0.064	-0.108	-0.072	0.084	
-0.029	-0.157	1.352	0.059	0.307	-0.274	0.084	1.295	-0.060	1.493	-0.195	1.277	0.024	0.097	0.117	-0.080	
-0.133	0.845	-0.862	-0.137	1.958	0.154	-1.528	-1.148	0.177	0.124	-1.002	-0.009	-1.783	0.197	0.433	0.412	
-0.865	-0.025	-0.317	-0.088	-0.013	0.071	0.519	-0.243	1.815	0.197	-0.044	0.256	-0.095	-0.220	-0.002	0.228	
-0.506	-0.168	-0.136	-0.421	0.078	0.177	0.990	1.144	-0.505	-0.239	-1.080	0.179	0.684	0.364	-0.058	1.504	
0.367	-0.039	0.025	0.114	-0.050	0.139	0.313	-0.122	0.464	-0.716	0.230	-0.259	0.217	0.964	0.493	-0.095	
-0.907	-0.678	-0.024	0.019	-1.524	0.627	-0.766	-0.266	1.133	-0.070	0.247	0.204	-2.151	0.170	0.070	0.299	
0.003	-0.819	0.180	0.582	-0.173	-0.114	0.160	0.009	-0.558	-0.061	-0.030	-0.116	0.100	0.252	-0.157	-0.119	
-0.759	-0.493	0.455	-0.071	-2.180	0.605	-0.023	-0.007	-2.121	-0.781	0.484	-0.194	-0.676	0.219	0.704	1.718	
-0.250	1.001	0.137	-2.042	0.005	0.118	-0.055	-0.017	1.130	-0.052	0.151	0.506	-0.050	3.148	1.089	0.041	
0.097	-0.008	0.279	0.090	-0.396	0.155	3.120	-1.875	0.124	0.734	0.113	-1.828	-0.311	0.399	-0.564	0.187	
-0.094	-0.523	0.317	0.240	-0.290	0.862	-0.024	-0.140	-0.194	0.603	-0.201	0.168	0.262	0.060	0.413	0.026	
0.144	-0.231	0.168	-0.526	-0.120	-0.189	0.035	0.126	-0.801	0.000	0.089	0.097	-0.915	-0.133	0.371	-0.216	
-0.206	1.678	0.364	-0.235	0.953	0.441	0.109	0.222	-2.847	0.181	-1.417	0.530	-0.206	0.226	0.377	-0.159	
0.537	-1.458	0.582	0.032	-0.069	-0.054	0.399	-0.883	-2.184	0.396	0.278	-0.460	-1.413	0.059	0.192	2.549	
0.071	-0.044	0.137	0.087	-0.074	-0.265	-0.309	-1.510	0.057	0.420	-0.134	0.178	-0.738	0.074	0.667	1.592	
-0.155	-0.218	-0.270	0.109	0.250	0.439	-1.187	-2.056	0.065	-0.120	-0.787	0.193	-0.023	-0.120	0.015	-0.005	
-1.398	0.404	0.146	-1.310	-0.018	2.626	-1.730	-0.022	-0.048	-0.574	-0.070	-0.166	0.128	-0.258	1.667	1.040	
-0.101	-0.204	0.026	2.209	-0.805	0.101	0.047	-0.661	-0.034	-0.085	-1.452	-0.031	0.116	0.190	-0.400	-0.199	
-0.165	0.193	0.280	0.089	0.173	2.869	-0.777	0.055	-1.021	0.225	0.100	-1.658	-0.243	-0.037	-0.122	-1.400	
-0.010	-1.073	-0.274	0.233	0.051	0.012	0.807	0.050	0.294	-1.023	1.695	-0.080	0.256	0.013	-1.621	-0.154	
0.015	0.086	-0.139	0.001	-0.183	-1.898	0.044	0.292	0.186	-0.188	-0.095	-0.079	0.031	0.145	0.422	0.669	
-0.358	0.264	-0.550	1.241	-0.169	-0.573	0.315	-0.010	
0.005	-0.079	1.275	1.784	0.019	-0.440	0.470	-0.162	
-0.155	-0.449	0.489	0.271	0.971	-0.123	0.215	0.415	
-0.139	0.194	0.162	-0.161	-1.387	0.133	0.052	-0.102	
0.067	-0.295	-0.379	-0.579	-0.097	-0.217	0.473	-0.093	
0.456	-0.081	-0.497	-0.344	-0.258	0.288	0.627	-0.769	
1.110	-0.215	-0.092	0.646	-0.358	0.169	-1.681	1.261	
-0.265	-3.450	1.712	0.519	0.535	0.024	-0.058	0.005	
0.062	-1.633	-0.100	0.239	-1.296	-0.269	0.309	1.364	
0.254	0.133	0.128	0.015	-0.487	-1.809	0.456	0.054	
-0.180	-0.056	0.278	1.755	-0.224	0.274	0.764	0.044	
-0.665	0.095	-0.307	-1.034	-0.143	-0.269	0.647	0.191	
1.439	-0.322	0.363	0.571	-0.542	-0.486	-0.108	0.448	
-0.194	-0.440	-0.200	1.626	-0.473	-0.494	0.652	-0.074	
-0.067	1.133	0.173	0.368	-0.153	-1.064	-0.207	1.443	
-0.938	1.716	0.111	-0.255	0.139	-0.058	-0.304	-0.003	
0.016	0.150	-0.233	0.441	0.048	-0.248	-0.720	0.185	
-0.419	0.332	2.809	2.244	0.065	-0.029	-0.016	-0.471	
0.343	-0.304	0.366	-0.350	-0.072	-1.102	1.054	0.610	
-0.343	-0.126	0.217	-0.348	-0.572	-0.058	0.301	-1.058	
0.403	0.532	-1.634	-0.616	
0.161	0.932	-1.468	-0.285	
0.458	-0.434	-0.831	0.527	
