6
16 16 8 8 8 4 3 
-0.198	0.158	-0.322	1.275	1.229	0.025	2.175	0.256	0.118	-2.134	1.757	0.024	0.123	-1.807	0.450	0.631	
-1.647	0.644	1.219	0.062	-0.952	0.124	-1.737	0.118	-0.018	0.093	0.254	0.345	0.601	-1.105	-0.294	-2.002	
0.128	-0.139	-0.138	-0.975	-0.006	0.103	-0.433	1.814	-2.619	0.245	0.125	0.132	0.226	1.787	-0.244	0.830	
0.149	-0.242	-0.590	0.081	-0.016	-0.393	0.009	0.438	-0.000	-2.220	0.079	0.019	1.799	0.323	-0.615	-0.075	
0.014	0.309	-0.119	1.654	-0.556	0.247	0.124	-0.087	-0.239	-0.170	1.882	0.009	-0.161	0.178	0.039	0.258	
0.289	0.424	0.000	-0.162	-0.227	0.639	0.318	-1.142	1.135	0.051	-0.049	-2.901	-0.237	0.466	0.088	-0.926	
-1.414	-0.948	-0.533	-1.578	0.014	-1.067	0.160	0.048	-0.074	-1.491	1.055	0.125	-0.141	0.089	0.027	0.947	
0.222	-0.053	1.280	0.209	-0.674	0.012	-0.246	-0.423	0.074	1.015	0.156	-0.161	-0.255	0.140	-2.989	-1.321	
0.109	-0.201	0.043	-0.062	1.292	0.094	-0.244	0.438	0.139	-0.084	0.605	-0.060	-0.887	-0.032	0.149	0.335	
-0.136	1.047	1.714	0.711	-0.157	-0.129	-0.462	0.034	0.289	-0.819	2.738	-0.301	0.138	0.953	2.304	0.645	
0.148	1.175	-0.101	-0.177	-1.722	-0.117	-0.273	1.003	-2.061	0.402	-0.367	2.750	1.011	0.075	-0.123	-0.032	
1.455	-1.368	1.178	-0.205	0.071	-1.742	-0.472	-0.100	0.309	1.850	0.272	0.732	2.015	0.245	-1.477	0.149	
-0.092	0.012	0.129	0.581	0.602	0.101	-1.267	0.132	0.004	0.967	1.624	0.764	-0.069	0.227	0.439	-2.384	
0.861	0.120	0.191	-0.176	1.136	0.907	0.127	-0.156	1.918	-0.901	-2.506	-0.127	0.206	0.054	-1.398	-0.011	
1.075	-0.043	1.240	1.100	-0.568	-0.898	-1.384	0.119	0.072	-0.093	0.500	-0.169	0.258	-0.066	-0.168	-0.142	
-0.235	-0.495	0.086	-0.282	-0.908	-2.988	0.161	1.463	1.722	-1.054	-0.765	0.918	-1.958	-0.067	0.227	-1.807	
-0.144	0.690	-0.323	0.217	-2.103	-0.295	-1.940	-0.234	0.217	-1.567	0.293	-0.298	-0.115	-0.010	-1.173	0.684	
2.280	-1.681	-0.003	-0.147	0.975	-1.033	0.136	-0.748	0.466	1.175	-0.164	0.258	-0.242	0.289	0.363	-1.369	
-0.276	-0.360	-1.631	0.050	-1.161	-1.188	-0.127	-1.783	-0.128	-1.880	0.011	1.347	0.687	-0.230	0.210	0.082	
-0.349	0.369	1.390	-0.204	-0.181	0.820	-0.157	-0.059	-0.124	-0.290	0.076	-2.124	0.080	0.184	0.786	2.723	
-0.844	-0.193	0.032	-1.977	0.110	0.094	0.217	-0.145	0.090	-0.107	-3.340	-0.042	0.567	0.075	2.624	0.048	
-1.324	-0.652	-0.908	-0.084	0.012	0.843	-0.099	0.068	-0.071	1.544	-0.618	0.099	-1.418	-0.981	1.171	-0.165	
-1.367	0.731	2.501	0.233	0.048	0.012	0.226	0.016	-0.059	0.878	0.721	1.423	3.961	-0.046	0.861	-1.653	
-0.463	-0.792	0.290	0.042	-0.118	3.698	0.047	1.304	0.277	-2.164	-0.046	-2.360	4.432	0.052	0.263	-0.834	
-0.331	0.113	0.633	0.052	0.369	-0.743	0.103	-0.043	
0.095	-1.191	0.578	0.656	-0.219	-0.740	0.845	-0.322	
-1.609	0.075	0.197	0.166	1.575	-1.153	0.993	0.488	
0.843	0.486	-0.006	-0.833	0.009	0.813	-0.175	0.029	
-0.839	-0.187	0.180	0.141	-0.560	0.079	0.605	-1.236	
0.030	-0.430	0.342	-1.663	0.143	-0.422	-2.512	-0.001	
0.472	-0.242	-0.620	0.232	0.939	-0.111	0.595	-0.180	
0.082	2.786	-0.198	-0.215	-3.348	-1.843	-2.529	0.035	
0.059	0.124	-0.064	0.662	0.141	-0.257	-1.548	0.258	
-0.340	0.046	1.311	-0.322	1.888	-0.269	0.080	1.346	
-0.252	0.026	0.924	0.319	-0.197	0.294	0.650	-0.276	
-0.841	-0.413	0.100	0.725	-0.153	-0.250	3.013	0.158	
-0.313	-2.545	0.095	0.204	-0.443	0.218	0.336	0.100	
-0.194	-0.267	-0.194	0.127	0.166	0.980	-0.318	-0.872	
-0.559	-0.721	0.006	-0.949	-0.168	-0.490	1.016	0.496	
-0.217	-0.141	-0.571	-0.241	1.419	0.150	-0.285	0.018	
0.068	0.070	2.333	1.314	0.157	0.337	-0.768	-0.040	
0.245	-0.211	0.404	0.171	-2.036	-0.598	-0.077	-1.381	
0.157	0.783	1.217	-0.885	0.148	0.348	-0.307	-0.131	
-0.859	-0.167	1.092	-0.252	0.244	-0.484	0.393	0.307	
0.562	0.383	-0.501	3.577	
0.043	0.626	-0.575	0.637	
-1.969	-1.731	0.210	0.368	
