6
16 16 8 8 8 4 3 
2.539	0.086	-0.109	0.243	-0.720	0.117	0.242	-0.261	-0.353	-0.171	-0.608	0.415	-0.355	-0.301	-1.954	-0.006	
-0.307	0.318	0.423	2.003	0.072	0.154	0.089	-0.026	0.504	-0.267	1.084	-0.237	-1.864	0.966	-0.293	-0.312	
-2.440	-1.639	0.239	0.079	0.558	0.168	-2.482	-0.013	-0.049	-0.396	-0.104	-0.153	0.048	-0.268	0.375	0.970	
0.254	1.127	1.479	0.049	0.038	0.356	1.027	-0.275	0.035	-0.958	1.836	-0.043	1.682	0.416	0.041	1.239	
2.606	0.162	-0.156	0.044	-1.003	-0.909	-0.068	-0.388	-0.184	0.176	-0.147	0.261	0.229	-0.453	-0.226	1.504	
0.285	-0.962	-0.067	-0.505	0.005	-0.387	0.244	1.583	-0.397	0.193	0.198	-0.268	0.425	-0.015	-0.347	-0.213	
-0.246	0.014	-0.150	0.325	-0.028	2.538	-0.400	-0.114	0.058	0.074	-0.205	0.437	-2.069	0.477	-1.611	-0.172	
-0.043	0.308	0.707	0.918	-0.022	0.139	-0.081	-1.430	0.204	-1.458	-0.545	0.068	-0.180	0.122	0.837	-0.154	
-0.276	-0.340	-0.121	0.043	0.774	1.663	-0.852	-0.949	-0.367	0.524	-0.446	0.300	0.248	-0.324	0.138	-0.043	
0.203	0.102	0.293	0.343	1.028	-1.296	0.139	-1.258	0.150	-0.156	1.609	1.552	3.793	0.986	-0.530	-0.041	
-0.002	-1.538	-0.094	1.501	-0.506	-0.083	0.676	0.096	0.268	-2.056	0.077	1.488	-0.081	-0.203	1.444	-0.034	
-0.278	1.200	-2.006	0.376	-0.002	0.007	0.009	-1.299	-0.289	-0.237	-0.206	-0.050	-0.152	0.321	0.240	-0.138	
1.540	0.417	0.104	1.979	1.355	0.558	-0.229	0.094	0.091	0.202	0.210	-1.560	-0.299	0.553	1.418	-0.472	
-1.650	1.575	1.221	0.179	-1.534	0.376	-0.117	-0.098	0.133	-0.094	0.253	0.275	-0.560	2.282	0.019	-0.267	
-0.470	0.232	0.137	0.062	-0.277	0.031	-0.221	0.130	-0.748	0.538	1.109	-0.277	-0.907	0.072	-0.222	1.141	
-0.045	-0.008	0.036	-0.594	-0.065	-0.220	-0.051	-0.248	-1.727	-0.068	0.581	0.048	0.666	-0.926	0.398	0.287	
0.687	-0.244	-0.032	0.161	2.310	-1.634	-4.466	-0.233	-0.248	0.131	0.009	-0.243	2.054	0.251	-0.163	-0.070	
-0.300	0.140	0.661	-0.667	0.056	0.198	0.060	0.327	-0.429	0.069	-0.156	-1.625	-0.155	0.173	2.057	-3.065	
3.182	-0.937	-0.013	0.096	0.172	0.129	0.046	0.088	0.176	-0.048	-1.569	0.492	-1.106	-0.219	-2.363	-1.919	
-0.179	-0.048	-0.161	0.126	-0.227	-0.227	0.734	-2.408	0.120	2.502	0.118	-0.201	-1.241	0.065	-0.688	-1.707	
0.032	0.944	-0.680	0.205	-1.452	-0.694	-0.033	-0.236	0.080	-0.336	-0.059	-0.185	-0.029	-1.481	-0.049	0.513	
-0.150	0.040	-1.058	-0.112	-0.399	-1.497	0.246	-0.066	0.220	-1.656	0.699	-0.067	-1.205	0.937	-0.583	-1.155	
-1.234	-0.114	-0.826	0.222	-2.185	-0.214	-1.065	-4.080	-0.267	1.635	1.415	0.112	0.346	-1.928	-0.003	1.307	
0.159	0.034	-0.776	0.092	0.153	-0.086	0.050	1.604	-0.082	1.212	-0.828	0.017	1.347	-1.229	-0.076	-1.730	
-0.071	-0.075	-0.389	-0.001	2.246	-1.828	0.124	-0.049	
-1.727	-0.437	-0.159	0.048	-0.264	-0.088	-1.264	0.050	
-0.038	-0.391	-2.091	-0.171	0.042	-0.348	0.637	0.096	
-0.258	1.160	0.287	1.118	0.344	0.309	-0.007	0.052	
-0.358	-0.112	-0.634	-1.063	0.477	0.376	0.033	0.196	
0.677	-1.794	0.362	0.059	-1.369	0.091	-0.197	-1.321	
0.322	0.227	-2.316	-0.687	1.387	-0.961	0.436	0.437	
-1.490	-0.324	0.317	0.835	-0.575	0.278	0.864	-0.351	
-0.361	-0.105	-0.055	-0.488	0.125	-0.332	0.428	0.376	
0.141	0.510	-0.234	-1.984	-0.562	-1.517	-1.553	1.114	
-0.311	2.043	0.142	0.333	-0.200	0.192	-0.769	0.138	
0.283	-0.188	1.179	-0.330	-0.814	0.576	-0.780	0.051	
-0.402	0.423	-0.606	0.564	0.117	-0.125	0.356	-0.358	
0.466	-0.109	-0.375	0.117	-2.352	0.379	0.297	1.468	
-0.397	0.581	0.488	0.484	0.432	0.700	-0.572	0.314	
1.634	0.738	0.003	-0.477	-0.130	0.683	0.018	0.130	
-1.143	-1.538	0.712	0.193	-0.035	-0.056	-0.953	-1.550	
-0.319	-0.048	-0.261	0.816	-0.842	-0.074	-0.062	-0.291	
-0.139	-0.449	0.465	-2.525	-0.089	0.880	3.367	-0.839	
0.624	0.284	-0.309	-0.347	0.156	-1.486	0.166	2.778	
-0.151	0.352	-0.245	1.115	
-0.800	-1.652	-1.541	0.020	
-0.646	-0.627	-0.359	0.491	
