6
16 16 8 8 8 4 3 
-1.315	0.126	-1.651	-1.621	0.141	-0.450	-0.506	0.416	-1.079	0.662	0.311	0.871	0.056	-0.910	-0.114	0.081	
0.679	-0.045	-0.510	-0.067	1.241	-0.039	-0.604	1.367	-0.086	0.087	0.183	1.369	0.085	0.019	0.106	1.624	
0.134	-1.233	0.107	0.229	2.060	-0.347	-1.170	-0.101	-0.962	0.137	-1.117	0.132	-0.117	0.540	-0.280	0.164	
0.149	-0.150	-0.167	0.026	-0.099	2.151	0.153	0.256	-0.838	-0.808	0.233	0.248	-0.025	0.125	-0.729	0.471	
-0.209	0.546	-0.039	0.114	-0.293	0.240	2.259	-0.158	0.299	1.105	-0.420	0.031	-0.771	1.331	-0.018	0.286	
0.331	-0.080	-0.063	-0.157	-0.016	0.885	-2.170	0.942	1.777	0.252	0.727	0.140	-0.199	-0.020	-1.076	0.251	
0.059	-1.256	-0.301	-0.552	-0.004	-2.925	1.683	0.316	1.293	-0.422	-1.884	-0.562	-0.137	0.745	0.044	0.038	
0.114	0.102	-0.386	0.239	0.439	-0.006	0.128	-0.097	0.201	-0.383	0.165	-0.168	0.329	-0.524	-1.905	0.518	
0.077	-0.346	0.029	-0.029	-0.382	-2.305	0.528	-0.048	0.619	2.190	0.247	-0.293	0.188	0.927	0.149	0.299	
-0.085	0.238	-0.122	-0.648	-0.051	0.171	0.725	0.155	0.125	-0.090	-0.144	-0.193	0.005	0.080	-0.354	-1.975	
0.215	-0.578	1.660	-0.073	0.041	-1.295	0.564	-0.199	0.015	-0.053	-1.147	-0.678	-1.309	2.334	-0.149	0.488	
0.293	-0.288	0.208	-0.284	0.207	-1.568	-1.840	-0.021	-0.190	0.021	0.509	-0.079	0.353	0.916	0.833	-0.366	
-0.196	1.452	-0.516	-0.012	-0.043	0.194	2.810	-0.500	0.174	-0.874	-0.156	0.096	0.163	0.126	-0.435	0.145	
0.458	-0.012	0.081	-0.870	-0.325	0.073	0.111	-1.866	-0.318	-0.074	-0.560	-0.348	0.084	0.019	1.286	0.522	
-1.149	-0.877	0.071	-1.160	-0.036	-1.326	0.078	-0.042	-0.365	0.019	-0.034	-0.089	0.155	0.193	0.316	1.393	
-2.303	0.091	0.575	-0.236	1.397	0.201	2.382	0.222	0.551	-0.031	-0.297	-0.816	-1.174	0.150	0.169	0.459	
0.007	-0.136	-0.207	-0.309	0.096	-0.096	-0.409	2.110	0.212	-0.561	0.322	0.117	-0.304	-1.596	0.296	0.222	
-0.016	0.003	-0.469	-0.964	1.600	-0.342	0.268	0.583	-0.065	0.261	0.650	0.309	-0.213	0.032	0.245	-0.848	
-0.227	0.353	-0.316	0.563	-0.049	-0.069	-0.020	0.833	0.032	-0.920	-1.543	0.031	2.077	0.130	0.203	1.228	
0.105	-0.525	0.104	-1.227	-0.011	1.150	0.749	-0.062	1.202	-0.642	-1.355	-0.099	-0.112	-0.536	-1.306	0.177	
-0.136	-0.259	1.704	-0.163	1.631	0.791	-0.061	-0.098	1.775	-0.141	2.030	-1.016	0.304	0.789	0.299	0.688	
-0.311	-0.011	0.831	-1.053	0.171	-0.138	-0.141	0.117	-1.341	0.235	0.133	-0.178	1.059	-0.344	-0.117	-0.160	
-0.076	-0.634	-0.174	0.233	0.109	0.083	0.403	-0.010	-1.199	-1.080	-0.022	0.682	0.193	-2.210	-1.099	-0.154	
0.525	-0.088	1.741	-1.123	-0.345	-0.542	1.456	-2.280	0.408	-0.692	-0.101	0.090	1.848	0.086	-0.188	-0.546	
-0.353	0.387	0.149	-0.001	-0.165	-0.036	0.175	-1.162	
-0.074	-1.237	-0.301	-1.451	0.444	0.916	0.193	1.100	
0.026	0.007	0.326	3.064	-1.266	-1.675	-0.103	0.134	
-0.266	0.775	-0.651	0.804	0.063	0.150	-2.851	-0.162	
-1.181	-1.138	-2.047	-0.690	1.118	-0.085	0.230	0.526	
1.878	-0.153	-0.497	-0.287	0.067	1.353	0.467	0.141	
0.237	-1.022	-0.339	-0.970	-0.538	-0.111	1.741	0.972	
0.137	-0.073	1.708	-0.450	0.535	-0.066	-0.310	0.086	
-0.001	-0.337	-0.103	0.622	-0.095	-0.250	-0.917	0.061	
1.031	0.260	0.370	-0.170	-0.764	-0.446	0.444	-0.629	
-1.913	-0.171	0.250	-0.317	-0.303	0.154	0.433	-1.844	
-0.363	-0.739	-0.135	-0.044	-0.054	-0.087	0.227	1.083	
0.110	-1.020	-1.051	0.302	0.550	-3.817	-1.757	-0.085	
-0.419	-0.345	-0.152	1.053	-0.062	-0.426	0.622	1.235	
-0.139	-0.628	-1.328	-1.153	0.066	0.119	-0.272	0.415	
-0.165	-1.575	1.163	-0.763	-2.006	-0.000	0.142	-0.184	
-0.136	0.388	1.726	0.790	0.096	-0.494	-0.696	0.049	
-0.500	-0.289	-0.017	0.144	-0.141	-0.340	-0.203	-1.576	
0.242	0.031	0.128	-0.342	-0.753	-1.239	0.134	-0.214	
-0.178	-0.130	0.217	-0.317	-0.769	-0.172	-0.844	0.298	
0.985	0.723	-2.289	-0.345	
-2.066	2.794	-0.517	0.179	
-0.440	-1.012	0.481	1.111	
