6
16 16 8 8 8 4 3 
-0.135	-0.791	-1.512	1.194	-0.174	-0.004	0.854	-1.072	-0.353	1.800	-0.215	0.215	-0.025	-0.144	0.140	-0.871	
-0.062	1.094	0.232	0.131	0.249	0.655	-0.178	-1.070	2.587	0.084	1.428	-0.277	0.951	1.131	0.877	0.143	
0.658	0.037	0.039	-1.008	-0.125	-1.022	0.174	0.208	-0.265	0.193	-0.271	-0.055	-0.133	1.014	-0.113	0.888	
0.175	-0.038	0.071	0.970	-0.153	0.101	-0.125	0.284	0.615	-0.967	0.047	-0.076	-0.145	2.813	-0.214	-0.167	
2.190	-0.024	0.375	-0.070	0.382	0.303	0.716	-0.632	0.243	-0.021	0.091	-0.190	0.295	0.282	-0.295	-0.101	
-0.080	-1.429	-0.151	0.009	-1.316	0.193	1.070	0.469	0.152	0.014	-1.057	0.169	-0.232	0.039	-0.158	-2.224	
0.181	0.277	0.100	0.253	1.029	0.148	-0.029	0.187	-1.165	-0.214	0.771	0.583	-0.153	0.004	0.353	-2.353	
0.185	-0.368	-0.350	0.281	-0.376	0.097	0.023	-0.109	-0.063	-0.224	-1.121	0.184	-0.373	0.356	0.006	-0.113	
-1.479	-1.046	0.237	0.091	2.717	-0.101	-1.709	0.138	2.010	-0.041	0.102	-0.120	-0.269	-2.015	3.191	1.001	
-0.119	1.249	0.048	-0.198	1.117	0.371	0.039	-0.803	-1.399	0.109	0.328	0.156	1.199	4.774	-0.238	1.001	
0.215	-0.171	-0.556	-1.635	-0.511	-0.143	1.130	-0.430	-0.104	-0.231	-0.564	0.095	-0.312	0.333	0.648	-0.244	
-0.297	-0.027	-0.401	1.314	0.328	-0.222	1.143	-0.137	-0.056	-1.184	-0.018	0.456	-1.671	0.711	0.115	0.013	
-1.033	-1.932	0.027	1.147	0.068	-1.567	-1.117	-2.182	1.727	0.850	-0.093	-1.357	-0.108	0.996	0.267	-0.215	
-0.220	-0.094	-0.073	0.400	-0.086	-0.487	0.235	-0.142	-0.077	-0.043	0.016	-0.524	0.196	-0.617	-0.490	0.037	
-0.196	1.397	-0.117	0.593	0.067	0.206	2.976	-0.082	0.538	-0.987	0.160	3.774	-0.501	1.754	-0.435	1.018	
0.045	0.014	0.221	-0.053	-0.492	0.147	-0.293	0.124	0.122	-0.145	0.922	-0.319	-0.112	0.221	0.113	0.121	
-0.044	0.365	-1.326	1.574	-0.084	-0.452	0.173	0.248	-0.097	-0.107	0.310	0.092	-0.023	0.018	0.368	-0.098	
0.060	0.281	0.294	-0.100	1.476	-0.858	-0.113	-0.147	0.065	-1.324	-0.638	0.236	0.212	0.064	0.223	0.296	
0.367	-1.421	-3.590	0.189	0.054	-0.104	-1.222	0.889	0.443	-0.158	0.698	0.077	-3.345	-0.349	-0.298	-0.294	
-2.643	-0.189	0.627	0.319	-1.478	-1.427	2.454	0.209	0.113	0.226	-0.153	0.092	0.226	-0.199	2.085	-0.371	
-0.883	-0.457	-0.495	-3.666	1.439	0.232	-1.820	-0.041	0.107	0.339	0.198	-0.749	-1.060	0.406	-0.813	-0.227	
1.249	-0.156	-0.225	0.069	0.420	1.579	0.390	0.090	-0.183	0.814	-0.310	-0.092	0.307	0.020	0.071	3.200	
-0.370	-0.512	0.047	-0.611	0.178	0.083	1.480	0.341	-0.110	0.705	-0.184	0.136	0.160	-0.162	1.678	-1.174	
0.036	-0.051	0.271	-1.117	0.570	0.561	0.331	-0.664	1.251	0.165	-0.125	-1.446	-0.469	0.098	0.098	-0.027	
1.278	-0.111	0.028	-0.267	-0.117	-0.078	0.109	1.873	
0.185	1.349	0.444	-1.699	-0.639	0.123	-0.954	0.767	
0.209	-0.385	0.310	-0.911	-0.364	0.688	-0.466	0.033	
-0.973	-0.299	0.136	0.686	0.148	1.753	1.374	0.737	
-0.095	-2.343	-0.608	0.482	-0.166	-1.753	-0.139	-0.730	
-0.083	-0.149	0.265	-0.134	0.081	-0.014	-0.354	2.069	
0.277	-0.076	-0.090	-0.797	0.265	-0.017	-0.884	-0.382	
-0.489	0.462	0.557	0.462	1.604	0.131	0.076	1.086	
-0.272	-0.776	-0.044	0.254	-1.457	-0.188	-1.626	0.211	
-0.143	1.359	-0.132	-1.029	0.779	0.392	-0.291	-0.215	
-0.779	0.031	0.117	1.021	-0.333	-0.383	-0.526	-0.972	
-1.293	-0.418	-1.368	-0.181	-0.256	0.643	-0.414	0.277	
1.567	-0.581	0.397	-0.270	-0.419	-0.184	-0.047	0.256	
-0.351	-0.157	0.463	-0.346	1.787	0.141	0.084	0.288	
0.236	0.371	0.071	0.262	0.128	-0.077	-1.138	-0.141	
0.036	0.531	-0.674	-0.266	0.203	-0.176	-0.392	-0.178	
0.759	-1.419	0.582	0.397	-1.039	-0.084	-0.369	-0.532	
0.102	1.560	0.152	-0.244	-0.693	2.270	1.769	0.294	
1.488	2.144	-0.412	-0.113	-0.081	-0.128	-0.592	-0.144	
0.283	1.850	0.398	0.876	-0.149	-0.818	0.952	0.530	
1.004	1.471	0.869	0.217	
-0.010	1.137	-0.758	-0.436	
0.245	-0.227	0.365	0.394	
