6
16 16 8 8 8 4 3 
0.843	-0.502	-0.320	0.319	-0.034	-0.037	-0.290	0.061	0.118	0.042	-1.887	1.617	0.101	-1.843	0.378	-0.309	
-0.032	1.247	1.090	0.062	-0.015	-1.238	-0.505	0.365	-0.018	0.093	0.168	-0.198	0.278	-2.114	-0.294	0.043	
0.128	-0.034	0.740	-0.208	-0.006	0.103	0.015	-0.137	1.505	0.245	0.125	0.132	0.036	1.742	-0.244	0.084	
0.149	0.846	0.057	1.106	-0.016	-0.393	1.152	1.256	-0.453	0.242	-1.347	0.019	0.145	1.470	1.984	-0.311	
0.578	0.309	-0.070	-0.314	0.453	0.247	0.124	-0.087	0.079	-0.170	0.432	-0.881	-0.922	0.178	0.039	0.258	
0.835	-0.098	0.805	-0.162	-1.686	-0.005	-0.687	-0.583	0.051	-0.034	-0.348	-0.030	-0.130	0.012	0.085	0.194	
0.387	-0.189	-0.235	-0.710	-1.154	-0.015	0.160	0.161	0.011	1.555	-0.270	0.125	-0.141	-1.140	0.027	0.038	
-1.875	0.931	-0.217	0.202	1.402	-0.617	0.924	-0.491	0.074	-0.288	0.156	-0.948	0.060	1.644	-0.194	-0.095	
-0.047	1.367	-0.712	-0.062	-0.352	0.114	-0.813	0.803	0.139	-0.084	-0.084	-1.148	-1.743	-0.585	1.157	0.335	
1.715	0.075	-0.139	1.377	-0.157	0.005	0.524	0.034	0.566	1.108	-0.358	-1.616	0.115	0.021	0.018	-0.455	
0.148	0.093	-0.101	-1.151	0.021	-0.070	1.434	-0.005	-0.310	-0.021	0.423	-0.208	1.183	0.269	-0.123	-0.032	
0.373	-0.190	-1.042	0.384	0.648	0.060	0.356	-2.896	0.269	-0.088	0.263	0.549	0.191	0.400	0.371	0.132	
0.110	0.012	-0.794	0.300	-0.177	1.116	0.842	0.132	-0.203	0.772	1.614	-0.138	-2.000	1.535	-0.030	-0.655	
-0.150	-1.449	-0.532	-1.053	-0.218	-1.910	0.127	-0.156	-0.189	-0.144	1.375	0.143	0.206	0.054	0.266	1.041	
0.203	-1.471	-0.421	-0.797	-0.011	-0.220	-2.735	0.119	-0.297	-0.093	0.027	-0.169	0.258	-0.025	0.602	1.345	
0.702	-0.032	0.086	-0.282	0.265	-0.862	0.161	0.224	-0.177	-0.133	-0.220	0.169	0.830	-1.021	0.227	-0.076	
-0.144	0.223	0.461	2.065	0.096	0.224	-0.195	0.038	1.685	0.619	3.578	0.798	-0.990	-0.289	0.913	0.116	
0.071	-2.374	-0.769	1.130	-1.106	-1.495	0.136	-0.617	-2.790	1.170	0.291	0.258	-0.242	0.105	0.363	0.715	
1.753	0.920	-0.810	-2.193	0.074	-0.185	-1.544	-0.427	-0.128	-0.177	-0.425	-1.423	-0.023	-0.726	1.591	0.082	
0.070	1.252	0.304	-0.289	-0.181	0.070	-1.205	-1.459	-0.124	0.678	2.500	-0.070	-0.181	-0.868	-1.109	1.886	
0.152	-0.193	-0.133	2.221	0.110	-0.107	0.217	-0.101	0.238	-0.107	-0.589	0.032	-0.087	-0.511	1.489	1.202	
-0.742	0.210	-0.671	-0.308	0.097	0.187	-0.095	-1.605	1.964	0.280	0.142	0.099	-1.434	0.617	0.604	-0.165	
-0.026	1.214	-1.511	0.233	0.048	0.739	0.226	-2.611	-0.248	-0.308	-0.022	-1.056	0.189	-3.049	-0.047	-0.190	
0.922	-0.009	0.476	0.042	-0.118	0.166	-1.269	1.240	0.277	-0.213	-0.046	-0.079	0.031	1.708	-0.953	0.090	
-0.331	1.384	0.254	0.052	0.072	-0.743	0.618	-0.797	
-0.919	0.100	-0.606	-1.641	-0.219	-0.831	0.216	0.364	
0.432	0.075	0.197	0.389	0.303	0.347	-0.044	3.935	
0.343	-0.589	-1.469	0.144	0.021	0.072	0.969	-2.942	
0.642	0.048	-1.661	0.865	-0.560	0.079	0.218	-0.260	
2.679	-0.209	-0.754	-2.046	0.143	-2.404	0.373	-0.504	
0.405	-0.242	-1.071	-0.560	-1.055	-0.111	-0.074	-0.180	
-0.227	0.274	-0.126	1.808	0.995	-0.173	-0.568	0.035	
-1.216	-1.001	-0.064	0.261	-0.056	-0.019	0.828	-0.290	
0.740	0.046	-0.545	-0.322	-0.420	-0.010	0.040	0.003	
-0.252	1.339	0.212	-0.197	-0.197	-1.944	0.650	-0.009	
-0.841	0.111	0.980	-0.997	-0.153	-2.294	-0.340	0.158	
-0.313	-0.698	1.085	0.328	-1.240	0.218	-0.414	1.346	
-0.194	-0.267	-0.338	-1.037	0.166	0.307	0.451	0.430	
-0.536	1.928	0.006	-0.708	-0.168	-0.168	-0.148	0.522	
0.696	-0.018	0.325	-0.241	0.227	0.120	-0.681	-0.917	
-0.371	-0.902	-0.147	0.350	-1.360	-0.389	1.149	0.599	
0.636	0.109	-0.010	0.171	0.755	0.017	0.639	-0.013	
0.529	-0.004	0.116	-0.617	-0.204	-0.620	0.027	-0.131	
0.147	-0.167	0.217	-0.905	0.244	1.546	0.486	-1.382	
2.702	0.616	-0.793	-1.514	
0.043	0.626	-0.575	0.637	
-1.169	-3.363	0.210	0.238	
