6
16 16 8 8 8 4 3 
0.348	-1.978	-1.962	0.342	1.851	1.853	-0.312	1.136	0.139	0.047	0.349	0.037	0.175	-0.276	-1.849	0.736	
0.126	0.239	0.134	0.390	0.821	0.235	-0.523	-1.757	-0.528	0.220	0.392	1.970	0.074	-0.097	1.563	-0.844	
-0.555	-0.118	0.283	-0.085	-2.358	0.049	-0.059	-0.067	1.038	0.092	2.047	-1.094	-0.064	-1.098	1.561	0.084	
-0.029	-0.157	1.352	0.059	-0.380	-0.274	1.601	2.048	-0.308	0.238	0.851	0.715	0.024	0.539	0.117	2.123	
-0.069	0.845	-0.862	0.070	1.958	0.154	-1.528	-1.148	0.177	1.107	-1.002	-0.527	-0.274	0.197	0.433	0.412	
-0.378	-0.025	-0.317	0.591	0.029	0.071	-0.013	-1.104	2.260	0.197	-0.853	0.256	0.335	-0.220	-0.002	0.228	
-0.461	-0.168	-0.136	-0.421	0.078	0.298	0.990	1.087	1.044	-0.239	-1.080	0.179	0.873	0.364	0.066	1.504	
-1.586	-0.039	0.392	0.114	-0.050	0.139	0.313	1.256	0.897	-0.716	0.230	0.414	0.217	0.964	0.493	-0.095	
-0.419	-1.172	-1.292	0.019	-0.172	0.627	-0.766	-0.266	1.851	-0.070	0.247	0.204	-2.151	0.170	0.070	0.299	
0.184	-0.819	-0.700	1.607	-0.173	-0.114	0.160	0.009	0.305	-0.061	0.162	-0.233	0.217	0.184	0.263	-1.024	
-0.759	0.064	-0.697	-0.071	0.002	0.461	-0.023	0.645	0.125	-0.006	-0.726	-0.194	0.788	0.649	-0.052	3.936	
-0.250	1.001	0.909	-2.300	0.005	-0.195	-0.055	-0.017	1.130	-0.052	-0.442	1.038	-0.250	3.148	0.428	0.041	
0.230	-0.008	2.378	0.090	-0.396	0.155	3.120	-1.505	0.124	0.734	0.113	-1.828	1.244	0.399	-0.968	1.657	
-0.094	-0.388	0.317	-0.586	-0.290	0.862	-0.024	-0.140	0.157	0.972	-0.484	0.168	0.262	0.060	0.413	0.026	
-1.885	-0.231	0.168	-0.526	-0.120	-1.067	0.035	0.126	-0.229	0.000	-1.433	0.097	-0.501	0.299	0.971	-0.216	
-0.206	0.168	0.364	-0.695	0.953	-0.369	0.109	0.222	-1.110	-0.021	0.541	0.267	-0.206	1.976	0.377	-0.159	
-0.037	-1.458	-0.125	0.032	-0.069	0.768	-0.232	-0.883	0.107	0.269	-0.004	-0.460	-1.499	0.059	0.192	0.681	
0.071	-0.044	0.780	0.087	1.101	-0.265	-0.249	-0.091	0.057	0.420	1.327	0.178	-0.980	0.074	0.888	1.080	
-1.233	-0.218	-0.270	0.109	-0.006	2.395	-0.421	-0.805	0.630	0.528	0.073	-1.156	-0.023	-0.120	0.322	-0.005	
-1.398	0.404	0.148	0.318	-0.007	2.559	-2.391	-0.022	-0.048	-0.574	-2.128	-0.166	1.398	1.954	1.667	1.040	
0.006	-0.204	-0.665	-0.163	0.489	-1.512	0.047	-0.822	0.972	-0.181	-2.821	-0.031	-0.407	-1.878	-0.400	-0.199	
-0.165	0.193	0.280	0.807	0.173	0.903	-0.037	0.055	-1.021	0.225	0.100	-0.070	-0.243	-0.037	-0.122	-0.088	
1.966	-1.073	-1.177	0.233	0.051	0.012	0.047	0.050	1.201	-1.103	0.383	1.747	1.063	0.013	-3.714	-0.154	
0.729	-0.147	-0.139	-1.275	-0.183	-1.898	1.654	0.292	1.052	-0.188	-0.095	-0.079	0.031	0.612	0.422	0.669	
-0.358	0.613	-0.550	0.166	-0.169	-0.731	1.755	-0.010	
0.447	-0.079	1.275	1.943	-0.114	-0.159	0.596	-0.162	
-0.155	-3.029	0.489	-2.169	0.971	-0.123	-0.371	1.186	
-0.139	0.194	0.162	-0.161	-1.387	0.133	0.040	-0.102	
0.067	-0.295	-0.379	-0.579	-0.674	0.013	0.473	-0.093	
0.456	0.043	-1.562	-0.344	0.228	0.288	0.627	-0.545	
1.897	-0.215	-0.092	0.646	-1.136	0.169	-0.203	-1.618	
-0.265	-3.450	0.604	-0.091	0.100	0.024	-0.058	0.005	
-0.236	-1.915	2.148	0.190	0.195	-0.112	0.236	0.024	
-0.219	0.133	0.128	0.894	-0.487	-1.809	0.456	0.054	
-0.180	-0.865	-0.002	1.892	-0.224	0.274	0.764	-0.754	
0.631	-0.015	1.234	-1.034	-0.041	-0.994	0.654	-1.179	
1.768	-0.322	0.363	0.495	-0.542	0.231	-0.108	0.448	
0.872	0.986	-0.266	-0.021	0.112	-0.494	0.652	-0.074	
0.415	-0.200	1.102	-0.840	0.105	-1.064	-0.207	0.046	
-0.938	2.315	0.111	-0.685	-0.144	2.325	-0.304	-0.003	
-1.139	0.150	-0.233	0.441	0.048	1.450	-0.720	0.185	
0.203	-0.001	0.155	0.186	0.678	-0.029	-0.310	-0.471	
0.343	-0.304	0.253	-0.350	0.243	-0.983	1.054	-0.044	
-0.343	-0.126	0.217	-0.348	-0.572	-0.058	0.301	-1.093	
-1.386	0.532	-1.634	-0.616	
0.161	0.100	-1.468	-0.285	
0.458	-0.434	-0.831	0.527	
