6
16 16 8 8 8 4 3 
-0.701	0.123	-0.234	0.669	0.110	0.005	-1.211	0.294	0.951	-3.680	0.914	0.048	0.769	-1.267	0.010	-0.241	
0.118	-2.119	2.251	0.086	0.432	0.443	-0.462	0.053	-1.177	0.674	0.248	-1.472	0.085	-0.475	-0.171	-0.034	
0.166	-0.435	0.176	0.197	-0.073	0.036	1.558	0.152	0.219	0.165	0.894	-0.586	-0.010	-1.221	-0.324	-2.204	
0.276	2.116	-0.872	0.316	-0.050	-0.028	-0.555	-0.753	0.092	0.124	-0.041	-0.625	1.651	0.088	0.099	-0.231	
0.896	1.100	-0.090	-0.588	0.537	0.458	1.028	-0.026	0.050	-0.753	-0.985	-0.056	-0.208	0.178	1.220	-0.740	
0.294	-0.178	-0.198	1.722	-0.149	0.025	1.218	0.816	0.706	1.261	-0.009	0.252	3.841	0.018	-0.103	-0.139	
0.424	0.001	1.533	-1.725	-0.038	1.779	0.190	-0.052	0.002	-1.262	0.505	-0.013	-0.253	1.047	1.193	-0.490	
0.158	-0.537	0.276	3.044	-0.272	0.169	0.643	0.646	0.461	-0.374	1.233	-1.905	-0.059	-1.120	-1.545	1.891	
-0.395	-0.261	-0.021	1.119	-0.315	0.198	-1.199	-0.014	1.305	2.563	1.537	-0.473	1.756	0.150	-1.857	0.299	
1.233	0.020	-0.117	0.197	-0.157	-0.234	-1.417	0.034	0.187	0.189	-1.653	-0.236	0.240	2.136	0.114	-0.001	
0.156	-0.420	0.576	-0.026	0.041	0.491	-0.190	2.570	-0.118	-0.053	-0.008	-0.344	-0.031	0.492	-3.673	-0.002	
-0.204	-0.190	0.181	0.993	-1.618	0.060	0.606	-0.085	0.020	-0.001	-1.511	0.174	-1.076	0.136	0.368	0.110	
0.139	-1.008	0.145	0.030	-1.953	0.533	0.085	0.311	2.364	-0.948	0.838	0.143	0.517	-0.397	-0.967	0.009	
-0.116	0.192	0.122	-0.116	-0.139	-0.054	0.127	1.392	-3.838	-1.530	-0.186	-0.282	0.219	0.026	-1.624	-0.180	
-1.098	-1.291	1.146	0.020	0.015	-0.159	-1.066	-0.038	-0.310	0.090	0.069	-2.156	0.280	0.065	-0.123	0.011	
-0.236	-0.155	0.089	-0.329	0.177	-0.050	-0.240	0.173	0.022	-1.870	-1.562	1.753	-0.276	-0.036	-0.483	-0.141	
0.133	-0.479	0.751	0.191	0.165	-0.127	0.757	-0.405	0.173	-0.028	1.476	0.220	-0.209	0.060	0.211	1.427	
0.340	-1.153	-0.601	-0.466	-0.127	1.082	0.236	-1.351	0.011	3.735	-0.242	-0.139	-0.189	-0.593	1.256	-0.209	
-0.227	1.047	-0.162	-0.133	-1.129	-1.030	-0.020	-2.122	-0.046	-0.315	0.052	0.056	-0.023	-1.663	0.163	0.007	
3.739	-0.226	0.203	-0.142	1.596	-1.956	-0.405	0.670	-0.121	0.200	0.601	-0.230	-0.016	0.399	0.385	0.094	
-0.204	-0.303	-1.208	-0.191	-0.920	0.123	-0.282	-0.028	0.146	-0.107	1.004	0.568	-0.124	0.866	0.051	0.569	
-0.206	3.908	0.135	-0.251	1.055	0.220	-0.233	0.068	-2.508	0.052	-0.300	-0.277	-0.215	-0.052	1.215	0.529	
0.408	0.699	-0.228	0.233	-0.886	-0.172	1.242	-0.035	-1.120	-1.728	-0.574	-1.562	0.301	-1.002	-0.130	-0.154	
-1.505	-0.114	-1.075	-0.056	0.837	1.050	0.051	0.246	1.689	-0.206	0.242	-0.023	0.596	-0.010	-1.266	3.892	
1.929	-0.758	0.246	1.539	-0.286	-0.573	1.439	-0.132	
-2.920	0.612	0.296	-0.404	0.100	-0.449	0.284	-0.320	
-0.164	0.286	0.104	0.360	-0.163	-0.004	0.231	0.131	
0.047	0.330	0.097	0.183	1.908	-1.151	0.059	0.307	
-1.360	-1.536	-0.362	-0.469	-0.411	0.057	0.510	-0.261	
0.177	2.214	0.997	-0.383	0.186	0.527	0.589	0.130	
0.928	0.991	0.237	0.015	1.465	-0.370	-0.111	-0.073	
-0.168	0.783	0.019	1.077	0.877	-0.119	0.976	1.095	
-0.001	0.178	-0.237	0.462	0.041	-0.412	1.238	0.085	
0.125	0.061	0.038	0.492	0.704	0.020	-0.850	0.127	
-0.180	0.861	0.197	0.106	-0.033	0.252	0.388	-0.257	
-1.606	-1.651	-0.071	-0.310	0.071	0.246	-0.002	-0.095	
0.338	-0.321	-1.273	1.798	0.052	0.403	-0.147	2.268	
2.319	-0.384	-1.167	0.081	0.141	-0.211	0.478	-0.030	
-0.139	-0.200	0.337	-0.214	-1.151	0.309	-0.323	0.414	
-0.410	-0.141	0.341	-0.222	-0.385	-0.859	-0.172	0.164	
-0.741	0.173	1.134	0.021	0.193	-0.029	-0.023	-0.016	
0.389	-2.047	0.603	0.135	0.440	2.021	0.605	-0.406	
0.743	0.026	0.537	-0.435	0.224	0.476	0.851	0.808	
0.157	-0.167	-0.439	-0.323	0.227	0.279	0.291	-0.667	
0.562	-0.052	0.561	-0.544	
0.042	0.541	-0.351	0.434	
-0.761	-0.434	-0.354	1.513	
