6
16 16 8 8 8 4 3 
-1.248	0.662	0.137	-0.119	-0.046	-0.478	1.002	0.282	-0.001	-0.842	-0.289	0.150	-0.025	-0.087	-1.615	-0.203	
-0.001	0.076	0.178	1.342	-0.296	-0.116	2.374	-0.192	-0.042	0.132	-0.167	0.819	1.510	0.143	0.269	0.889	
0.123	-0.147	-0.113	2.053	0.156	-0.151	0.217	-0.237	-0.298	0.215	-0.350	-0.465	0.313	0.272	-0.273	0.352	
-0.226	0.037	0.105	0.046	-2.181	0.689	-0.708	1.315	1.040	0.174	-1.110	2.042	-0.241	-0.519	-0.149	-0.328	
-2.421	-0.151	-2.054	-0.070	1.498	0.142	-0.075	-0.152	-1.548	0.017	-0.159	-0.278	0.255	0.279	0.026	-0.197	
0.046	0.022	-0.339	-2.085	0.040	0.076	0.133	-0.509	-0.431	0.158	1.343	-2.199	0.723	3.289	0.286	-0.122	
0.989	1.622	0.702	0.319	-0.038	0.310	0.026	0.071	-0.277	1.143	0.231	-0.740	-0.375	-0.214	-1.716	-1.985	
0.067	-0.063	-0.461	0.153	0.618	-0.628	-0.108	0.010	-0.010	0.426	0.167	-0.120	0.099	0.430	-0.124	0.948	
-0.086	0.212	1.306	0.247	0.140	-0.087	-0.166	-0.880	0.102	1.632	0.204	0.004	0.186	-2.492	-0.294	2.190	
1.512	-1.605	1.153	-0.204	1.703	0.328	0.148	0.184	0.841	-0.091	-0.155	0.101	-1.535	1.742	-0.142	0.042	
0.131	-1.850	-1.224	-0.755	0.052	-0.149	2.275	1.189	-0.288	-0.206	-0.264	-1.142	0.525	0.302	2.296	-0.091	
1.512	1.644	0.077	-0.392	0.550	-0.406	0.122	-0.883	0.020	-0.715	0.213	0.199	-0.091	-0.302	0.308	-0.005	
-1.642	0.319	0.102	0.473	-0.258	0.201	4.071	-0.032	0.006	-0.184	-0.505	-0.236	-0.056	-0.119	-0.019	-0.247	
0.387	0.288	-0.735	-1.050	-0.406	0.091	0.921	-0.142	-0.105	-0.221	0.391	0.630	0.071	0.180	0.101	0.177	
-0.507	0.856	-0.055	0.917	2.518	-0.821	0.136	2.788	0.023	-0.106	-3.487	-0.326	-0.186	0.030	-0.525	-1.646	
0.032	2.391	1.828	0.802	0.161	3.431	-0.920	0.188	0.023	-0.424	-0.074	-0.356	-0.041	0.165	2.204	-1.009	
-0.765	0.257	0.023	0.236	0.016	0.533	-0.768	0.022	0.687	1.319	0.245	-0.412	-2.441	-0.117	1.937	-0.159	
-1.956	-0.254	-0.079	0.017	1.801	0.487	-2.599	-0.117	2.413	-0.209	0.152	-0.090	0.360	-2.232	0.141	0.207	
0.196	-0.292	-0.250	0.321	0.223	-0.472	-0.047	-0.418	-0.391	-0.073	0.025	0.077	-1.169	-0.228	-2.721	-0.266	
0.331	-0.172	0.130	0.057	-1.826	0.327	0.191	0.212	0.156	1.325	-0.198	1.188	0.242	0.983	-0.082	-1.143	
0.118	-0.279	1.053	-0.350	0.381	0.182	-0.921	1.197	-0.809	0.470	0.211	-0.367	-0.409	0.695	-2.601	-0.903	
-0.268	-0.528	0.042	0.392	2.937	0.032	0.312	0.305	-1.100	0.342	1.811	1.257	0.179	-0.019	1.663	0.185	
0.022	-1.038	-0.938	-0.235	0.135	0.099	-0.666	0.219	-0.077	-0.011	1.273	0.228	0.259	0.151	1.225	1.649	
0.135	-0.966	0.347	-0.250	-1.832	0.537	-0.787	0.520	-0.035	0.290	-1.624	0.404	-0.117	-0.248	0.380	1.526	
0.041	0.616	0.639	-0.603	-0.133	0.408	-0.102	-0.624	
-1.385	0.015	0.545	-0.047	-2.124	-0.144	-0.172	-1.435	
-1.945	-0.301	0.210	-1.036	0.380	-1.074	-1.420	0.317	
0.160	-1.015	-0.522	0.597	0.074	-0.349	-0.711	-0.615	
-0.113	0.011	-0.300	0.981	-0.739	-0.800	0.460	1.576	
-2.384	0.639	0.203	1.368	1.488	0.123	-0.108	0.366	
1.102	0.185	-0.137	0.580	-0.887	0.403	-0.031	-0.348	
-1.191	3.303	0.012	-0.334	-0.186	0.112	0.486	0.673	
0.581	0.325	-0.723	-0.871	0.119	-0.235	-0.502	0.403	
0.156	0.633	0.141	2.474	-0.107	0.665	0.391	-0.606	
0.160	-0.525	-0.401	-0.743	0.272	-0.265	-0.535	0.294	
0.221	-0.659	-0.018	-0.860	-0.202	-2.271	-0.411	0.446	
-0.778	-0.439	-1.887	-0.461	0.559	0.179	0.047	0.361	
-1.186	1.314	0.736	0.126	-0.731	-1.206	-0.340	-0.784	
0.286	-2.917	0.005	0.244	1.029	-0.002	-0.214	-0.069	
-0.087	-0.559	-0.461	-0.146	0.112	-0.310	-0.187	1.046	
0.421	-0.638	-0.642	1.554	-0.665	0.965	-1.390	-0.101	
0.020	-1.446	-0.048	-1.956	-0.293	-0.413	-0.277	1.305	
0.896	0.125	0.387	0.884	-0.081	-1.283	-0.326	0.036	
0.198	-4.212	-0.068	0.139	-1.661	-0.402	0.180	0.052	
0.600	-1.171	1.089	2.467	
0.261	1.355	-0.306	0.670	
0.165	0.302	0.309	0.099	
