6
16 16 8 8 8 4 3 
-1.433	0.792	-0.109	0.243	-0.633	0.117	-0.637	-0.261	-0.859	-0.171	0.169	0.415	-0.106	-0.669	-1.954	-0.006	
-0.307	-0.284	0.423	2.003	0.072	0.154	0.089	-0.234	0.504	0.416	1.084	-0.911	-2.793	0.966	-0.072	-0.312	
-2.440	-2.607	-0.334	0.079	0.425	0.168	-2.482	-0.948	-0.049	-2.083	-0.104	-0.153	0.412	-0.268	0.375	0.113	
0.254	-0.032	0.423	0.049	0.038	0.356	1.027	-0.275	0.035	-0.958	0.230	-0.043	1.731	0.416	0.041	1.239	
0.534	0.162	-0.156	0.044	-1.003	-0.909	-0.068	-0.388	0.292	0.176	-0.147	0.261	1.351	-0.453	0.120	0.019	
0.285	0.184	0.673	-0.505	0.859	-0.387	-2.141	-0.187	0.186	0.193	0.860	-0.268	-0.094	-0.015	-0.347	-0.213	
-0.246	0.014	0.817	0.325	-0.140	1.318	-0.400	-0.114	-1.493	0.129	1.039	-1.289	-2.069	-1.006	-1.309	-0.172	
-0.043	0.314	-0.115	0.918	-0.022	0.139	-0.951	-1.430	-0.811	-1.895	-0.545	0.221	0.053	0.122	0.837	-0.154	
-0.276	0.282	-0.121	0.790	0.774	1.663	-0.852	-0.837	-1.053	0.162	-0.045	0.179	0.248	-0.324	0.564	-0.043	
0.203	0.102	0.293	0.343	0.386	-1.296	0.139	-0.166	0.207	-0.156	2.415	1.148	2.119	0.796	-0.236	0.225	
-0.255	1.351	-0.094	1.517	-0.506	-0.083	1.338	0.096	0.268	-0.106	-1.000	1.488	-0.081	-0.203	0.079	-0.034	
-0.278	0.976	-2.006	0.376	-0.147	0.007	1.796	-1.299	-0.289	-0.237	-0.528	-0.050	-0.152	0.321	0.240	-0.138	
1.540	0.417	0.104	-0.088	1.355	0.558	1.591	0.094	-0.150	0.202	0.210	-0.288	-0.080	0.553	1.418	-0.472	
0.142	-0.894	0.101	0.179	-1.534	-0.584	-0.117	-0.098	0.879	-0.094	0.253	0.275	0.102	0.154	1.479	-0.267	
0.920	1.324	-0.103	0.062	-0.277	0.031	-0.251	-1.463	-0.748	0.538	-0.205	0.049	-1.272	0.072	-0.222	1.141	
-0.045	-0.008	0.036	-1.136	-0.065	-0.220	0.344	-0.248	-1.727	-0.068	0.323	-1.642	-0.761	-0.926	1.581	0.287	
0.687	-0.244	-0.032	0.161	2.310	-1.962	-4.466	-0.233	0.353	0.131	0.009	-0.243	2.054	0.251	-0.163	-0.382	
-0.300	0.376	-0.087	-0.667	0.056	0.198	0.060	0.327	1.311	0.069	-0.156	-0.251	-0.155	0.173	0.148	-2.485	
0.993	-0.937	-0.612	0.096	0.172	0.129	0.046	0.088	0.176	-0.048	-0.404	0.478	-0.775	-0.219	0.141	-1.919	
-0.179	0.284	-0.161	0.126	-0.227	-0.227	0.734	-2.060	0.120	2.502	0.118	-0.201	-1.088	0.065	-0.688	-1.707	
0.032	-0.259	-0.680	0.205	-1.452	-0.024	-0.033	-0.236	0.106	-0.336	-0.059	-0.185	-0.029	0.072	-0.049	0.214	
-0.150	0.040	0.092	-0.112	-0.399	-1.497	0.839	-0.066	-0.051	0.086	0.699	-0.067	-1.205	0.937	-0.583	-1.155	
-1.234	-0.114	-0.826	0.222	0.093	-0.214	-0.004	-4.080	-0.267	1.635	1.834	1.973	-1.658	-1.349	0.744	0.019	
0.159	0.034	-0.776	0.092	0.294	0.435	0.050	2.345	-0.082	1.212	0.247	0.088	0.819	-1.229	-0.076	-1.730	
-0.071	-0.075	-0.389	-0.001	0.810	-1.828	-0.789	-0.049	
-1.727	0.709	-0.159	0.048	-0.264	-0.088	-2.851	0.050	
-0.038	-0.391	-1.449	-0.171	0.042	-0.348	0.637	-0.901	
-0.258	1.160	0.287	0.526	0.383	-1.019	0.953	0.052	
-0.156	-0.112	-0.634	-1.063	0.477	0.376	0.033	0.196	
0.677	-0.267	0.362	0.059	-0.870	0.091	-0.197	-1.321	
0.322	0.227	-0.427	-0.687	0.838	-0.961	0.436	0.437	
-1.490	-0.324	0.317	0.835	-0.135	0.278	0.247	-0.351	
-1.612	-0.105	-0.055	-0.488	0.125	-0.332	0.428	0.376	
0.141	0.510	-0.208	-1.984	-0.610	-2.488	-0.150	1.114	
-0.311	2.043	0.142	0.333	-0.200	-0.140	-0.612	0.138	
-0.858	0.692	1.179	-0.330	-0.814	0.576	-0.631	0.051	
0.123	0.423	-2.772	0.251	0.117	-1.453	0.625	-0.358	
0.466	-0.109	-0.375	0.117	-2.352	-0.616	0.297	1.468	
-0.397	0.581	0.718	-0.808	0.432	0.700	-0.572	0.314	
1.634	0.738	0.003	1.070	0.491	0.683	0.018	0.130	
-1.143	-0.160	1.445	0.193	-0.035	-0.238	-0.953	-1.550	
-0.319	-0.048	-0.261	0.816	-0.378	-0.074	-0.062	0.504	
2.359	-0.449	0.267	-2.525	-0.089	0.398	3.367	0.182	
0.624	0.284	-0.309	-0.347	0.156	-0.181	0.166	0.896	
-0.151	0.123	1.930	1.115	
-1.044	-1.652	-1.541	0.020	
-0.646	-0.090	-0.865	0.491	
