6
16 16 8 8 8 4 3 
0.303	0.158	-0.322	1.275	-1.426	0.025	2.175	0.256	0.118	-1.090	1.757	0.024	0.123	-1.807	0.002	-2.105	
-1.820	0.644	1.219	0.062	0.321	0.124	-1.737	0.118	-0.018	0.093	0.254	0.345	1.301	-0.090	-0.071	-2.002	
0.128	-0.139	-0.138	-0.975	0.209	0.103	0.007	1.814	-2.619	0.245	0.125	0.132	0.894	1.787	-0.244	0.743	
0.149	-0.242	-0.154	0.081	-0.016	-0.393	-0.818	0.438	-0.000	-0.393	0.079	0.689	-0.037	-0.528	1.055	-0.311	
-0.538	0.309	-0.119	1.175	-0.556	0.247	0.124	-0.087	-0.207	-0.170	0.432	-0.519	-1.464	0.178	0.039	0.258	
0.289	1.335	0.000	-0.162	-0.227	-0.005	0.318	-1.142	1.135	0.051	-0.049	-2.901	0.100	0.862	0.088	0.703	
0.062	-0.189	-1.443	-0.572	0.014	-0.015	0.160	0.048	-0.074	-0.572	1.055	0.125	-0.141	0.362	0.027	0.947	
0.222	0.011	-0.217	-0.615	-0.042	-1.512	-0.246	-0.042	0.074	1.015	0.156	-0.161	0.221	0.140	-2.989	-0.095	
0.109	-0.473	0.043	-0.062	1.292	0.114	1.491	0.053	0.139	-0.084	0.605	-0.060	-0.993	0.066	0.149	0.335	
-1.230	0.075	0.473	0.711	2.223	-0.129	0.147	0.034	0.289	-0.105	2.064	-0.301	0.138	0.021	2.304	0.645	
0.965	1.175	-0.101	-0.177	-1.722	-0.117	-0.273	1.003	-2.061	0.402	-0.011	-0.253	1.011	0.758	-0.123	-0.032	
1.455	-1.368	1.178	-0.205	0.071	-1.742	-0.043	-0.100	0.309	1.850	0.272	0.732	0.191	0.245	-0.896	0.149	
-0.092	0.012	0.129	0.581	0.602	0.101	-1.267	0.132	0.004	0.967	1.624	-0.821	-0.069	0.227	0.416	-2.384	
-0.250	0.120	0.191	-0.176	1.136	0.073	0.041	1.062	-0.288	-0.901	-2.506	-0.127	0.206	0.054	-1.398	-0.011	
3.726	-1.098	0.316	1.100	-0.568	-0.539	-1.384	0.739	-1.199	-0.093	0.027	-0.169	0.258	-0.066	0.560	-0.142	
-0.235	-1.417	0.086	-1.003	0.298	-3.133	0.161	1.463	0.941	0.135	-0.765	0.169	-1.416	-0.067	0.227	-0.880	
-0.144	0.690	-0.323	0.217	-2.103	-0.295	-1.940	-0.234	0.217	-1.567	0.293	0.242	-0.115	-0.010	-1.173	0.116	
2.280	-1.681	-0.003	-0.147	-0.014	-0.284	0.136	-0.946	0.466	0.172	-0.164	0.258	-0.242	0.289	0.363	-1.576	
-0.276	-0.360	-0.187	0.050	-1.161	-1.188	-0.127	-3.083	-0.128	-0.177	0.011	1.347	-0.023	-0.230	0.210	0.082	
-0.349	0.369	1.390	-0.204	-0.181	0.582	-0.157	-0.059	-0.124	0.200	0.076	-2.124	-0.084	0.184	0.786	-0.917	
-0.844	-0.193	0.032	-1.592	0.110	0.094	0.217	-0.145	0.090	-0.107	-1.790	0.032	0.567	0.075	2.662	0.048	
-1.725	-0.652	0.135	1.604	0.012	0.843	-0.099	0.068	0.198	1.189	0.142	0.099	-0.267	-0.981	3.532	-0.165	
-0.727	0.127	0.388	0.233	1.022	0.012	0.226	0.016	1.631	1.254	0.721	-0.677	4.792	-0.046	0.861	-1.653	
-0.463	-0.792	0.290	0.042	-0.118	3.698	0.047	0.246	0.277	-2.164	0.108	-0.558	1.962	0.052	0.263	-0.834	
-0.036	0.113	0.633	0.052	-0.378	-0.743	0.874	-0.043	
0.095	0.100	-0.391	0.656	-0.219	-0.740	0.845	-0.322	
-2.061	0.075	0.197	0.166	-0.427	-0.004	1.348	0.488	
-0.971	0.486	-0.006	-0.833	1.325	0.441	-0.175	0.029	
-0.505	-0.187	0.180	-0.353	-0.560	0.079	0.229	-2.767	
0.030	-0.081	-0.877	-1.766	0.143	-0.422	-2.512	-0.504	
0.472	-0.242	-0.620	0.232	0.939	-0.111	0.595	-0.180	
-0.004	2.190	-0.126	-0.215	-3.348	-1.843	-1.927	0.035	
0.059	0.124	-0.064	0.662	0.141	-0.257	-1.097	0.258	
0.261	-0.272	0.797	-0.322	-0.702	-0.269	-0.374	0.268	
-0.252	0.026	1.259	0.319	0.244	0.808	0.650	-0.276	
-0.841	-0.776	0.649	0.725	-0.153	-0.250	3.013	0.158	
-0.313	-2.545	0.095	0.328	-0.443	0.218	0.336	0.543	
-0.194	-0.267	-0.194	0.127	0.166	-0.053	0.479	0.044	
-0.569	-0.721	-1.724	-0.949	-0.168	-0.490	1.016	0.496	
-0.217	-0.141	1.156	-0.241	1.285	0.150	-1.158	0.018	
0.068	0.070	2.333	1.152	0.157	0.036	0.244	-0.040	
0.245	-0.211	-0.366	0.171	-2.036	0.002	-0.077	0.089	
0.157	0.805	1.772	-0.795	-0.451	-1.630	-0.307	-0.131	
-0.859	-0.167	1.092	-0.397	0.244	-0.484	0.659	0.307	
0.562	2.284	-0.501	1.005	
0.043	0.626	-0.860	0.637	
-3.094	-0.538	0.210	0.368	
