6
16 16 8 8 8 4 3 
-0.365	0.195	-0.234	0.342	-0.005	-0.167	-0.766	0.849	0.264	-0.320	0.256	-1.051	0.023	-0.803	-0.083	-0.113	
-0.799	0.215	0.129	-0.426	-0.015	-0.061	-0.546	-0.051	0.365	0.031	0.536	0.251	0.068	-0.130	-0.152	0.571	
-1.627	-0.277	-0.368	0.125	0.081	-0.038	-0.126	-0.710	0.273	0.829	-0.124	-1.797	1.072	0.761	0.593	-0.050	
-1.798	-0.197	-0.254	-0.055	0.457	-0.257	2.381	1.556	0.165	-0.093	0.440	0.639	0.112	0.718	0.148	-0.014	
-0.034	0.664	-2.145	-0.024	0.204	0.171	0.267	0.099	0.073	0.060	0.553	0.054	-0.226	1.191	0.064	1.025	
0.380	-0.027	-0.198	1.773	1.149	1.447	-0.218	-0.130	0.113	-0.188	1.671	-0.875	-0.095	0.117	0.867	1.386	
1.381	-0.086	0.835	-1.330	-0.296	1.187	0.114	-0.011	0.043	2.772	-0.413	-1.678	1.398	0.181	1.580	-0.083	
0.118	-0.478	-0.325	-0.128	0.409	0.106	0.134	-0.018	-0.097	-0.374	1.562	1.065	0.187	0.050	-0.651	-0.095	
0.036	-0.153	0.863	2.915	-0.264	0.308	-0.846	1.031	0.992	-2.289	1.494	-0.114	-0.348	0.020	0.149	0.299	
-0.069	-0.424	-0.192	0.148	-1.556	-0.940	1.519	1.481	0.323	-1.399	-0.282	0.289	-0.224	-1.260	-1.806	0.051	
1.697	0.099	-0.133	-0.144	-0.468	-0.195	-0.137	-0.031	-0.269	-1.630	0.115	-0.271	0.939	0.205	-1.117	-1.924	
0.380	-0.749	-2.158	-0.163	1.224	0.242	2.158	-0.011	-0.147	1.198	0.308	0.179	-1.647	0.525	0.480	-0.006	
0.097	0.334	0.138	1.671	-0.593	0.204	0.100	-4.135	-0.017	0.114	-2.412	0.378	-1.713	-0.184	-0.352	0.068	
-0.206	0.258	0.164	0.134	-0.218	-1.413	0.097	-0.347	-0.171	-3.036	1.586	-2.071	0.050	-0.708	0.086	-0.171	
-1.605	-0.370	0.093	-0.100	1.123	-1.469	0.291	0.157	-0.271	0.019	-0.017	-0.205	0.121	-1.404	-0.577	-0.752	
-2.096	-0.008	0.328	-0.197	0.177	-0.046	1.410	0.004	-0.456	0.210	-0.248	1.238	0.454	-0.427	0.426	-0.286	
0.034	0.179	1.912	0.075	0.159	1.802	-0.278	0.145	-0.151	-0.333	0.322	-0.274	1.044	0.059	-0.651	0.265	
-0.757	-0.044	-0.740	0.770	-0.094	-0.408	0.884	-0.061	-0.915	-2.370	0.580	0.009	0.887	-1.506	0.230	-0.169	
0.070	0.603	-0.275	0.046	-0.033	-0.103	-0.116	-0.131	0.027	-0.165	1.893	-1.521	0.287	-0.165	0.028	0.371	
-0.350	0.268	0.239	-0.810	-0.010	-0.123	-0.756	-0.106	-0.150	-0.504	1.009	-0.077	-3.457	0.026	0.229	0.150	
0.006	-0.136	1.464	-0.279	0.274	-0.656	1.464	-0.181	0.133	-2.051	-0.605	-0.007	1.609	0.505	-0.572	1.606	
-0.179	2.688	-1.378	-0.032	3.685	-0.564	-0.197	0.235	-0.054	0.269	0.459	-1.781	-0.127	1.763	-1.105	1.324	
0.711	-0.189	-0.220	2.210	0.051	0.166	0.233	-0.161	-3.072	-0.197	0.416	0.016	0.255	0.013	-0.077	0.437	
0.098	-1.045	0.407	-0.418	-0.093	0.262	0.391	0.256	0.268	-0.206	0.421	-0.215	0.370	0.049	0.279	0.183	
1.405	-0.080	0.009	0.188	-0.046	-1.771	0.797	-0.121	
0.150	0.934	-0.020	-0.905	-0.611	-0.552	0.145	-0.250	
0.705	-0.484	1.175	0.212	-0.319	0.097	0.169	0.276	
-1.424	0.950	0.093	0.267	1.999	-2.261	0.854	-0.008	
0.044	-2.273	-0.023	-1.227	-0.300	0.038	0.506	-0.589	
0.067	-1.169	-0.324	-0.344	0.255	0.147	0.372	2.858	
1.907	-0.250	2.290	0.304	0.297	0.064	0.178	0.062	
-0.163	1.519	-0.187	0.412	0.252	-0.133	0.036	0.204	
-1.351	-1.064	0.695	0.190	-0.620	-2.356	0.211	0.002	
-0.817	0.150	1.533	0.020	-2.033	-0.257	0.315	0.121	
-0.615	0.320	-1.596	0.513	-0.281	0.071	0.942	-0.256	
-0.665	-0.966	-0.064	-0.040	-0.016	-0.255	0.166	0.288	
-0.866	2.117	0.361	0.696	-0.345	1.094	-0.161	1.362	
-0.103	0.439	-0.059	0.127	0.765	-0.199	0.209	-0.777	
0.084	-1.275	0.841	-0.292	0.968	0.186	-0.186	0.544	
1.391	-0.081	0.392	0.226	2.438	0.115	-0.082	-0.012	
0.170	0.150	0.612	0.023	0.089	-0.446	-0.389	-1.484	
0.005	0.326	-0.077	0.440	0.981	0.036	-2.541	-0.612	
0.343	-0.741	0.028	-0.432	0.875	1.126	-1.304	-0.131	
-0.179	-0.205	0.320	0.474	0.324	-0.372	0.301	0.842	
0.609	0.328	1.020	-0.590	
0.376	0.002	-0.606	0.172	
1.332	-0.037	0.935	0.523	
