6
16 16 8 8 8 4 3 
-0.135	-0.040	-0.585	-0.119	0.701	-0.004	0.211	0.227	-0.062	0.070	-0.280	0.215	-0.025	-0.902	0.140	-0.203	
-0.357	-0.055	0.232	-1.059	1.346	-0.009	0.090	-0.187	-0.139	0.084	-1.476	-0.277	-0.580	0.059	0.156	0.143	
-1.721	0.037	0.039	-1.792	0.222	0.169	0.174	-1.247	-1.705	0.193	-0.271	-1.114	-0.133	0.185	-0.113	0.151	
-0.218	-0.802	0.071	0.006	-0.153	1.816	-0.258	0.711	0.278	0.273	0.047	0.456	-0.455	-0.023	-0.214	-0.167	
2.190	-0.024	0.375	-0.070	1.783	0.536	0.157	0.085	0.243	-0.021	-2.632	-0.330	0.191	-0.064	-0.295	-0.334	
-0.080	0.241	-0.151	0.009	0.387	0.193	0.212	-0.176	1.226	0.014	-0.142	0.489	-0.232	-0.795	1.597	-1.863	
0.181	0.277	-1.620	0.253	-0.038	0.148	-0.029	0.187	-0.266	-0.214	-1.748	1.763	0.857	0.540	-1.412	-0.182	
0.185	-0.125	-0.350	0.281	-0.081	0.097	0.023	-0.109	0.895	-0.224	2.168	-0.093	-0.373	0.356	1.286	-0.113	
-0.075	-1.140	0.088	0.091	2.717	-0.100	-0.065	0.138	0.235	0.163	2.364	-0.120	0.228	-0.455	1.258	0.035	
-0.119	0.196	0.325	-0.198	0.941	0.222	0.039	-0.736	0.008	-1.039	0.328	-0.111	1.416	0.095	-0.238	-2.054	
0.215	-0.171	0.064	-0.165	1.490	-0.143	-0.019	-2.393	-0.934	-0.231	-2.444	0.095	-1.835	0.333	-0.268	-0.244	
-0.297	-0.109	0.057	0.190	-0.309	0.671	1.143	-0.137	-1.662	0.897	-0.297	-0.960	-0.092	-0.366	0.115	-0.836	
-0.053	0.257	0.027	0.003	0.068	0.032	0.444	-0.130	1.727	-1.890	-0.093	-0.085	-0.108	1.524	-0.069	-0.215	
0.308	-0.094	-0.073	0.400	-0.086	-0.028	-0.062	0.365	-0.077	0.964	0.116	-0.309	0.065	0.027	-0.799	0.037	
-0.196	-1.023	-0.117	0.300	0.009	-0.369	1.122	-0.082	1.351	-0.005	5.335	0.041	-0.186	0.368	0.048	0.090	
-0.845	0.014	-0.269	-0.058	-0.125	0.147	-0.026	0.124	0.517	-0.145	0.026	-0.319	-1.006	1.256	0.113	0.121	
-0.044	0.365	-1.326	2.425	-0.165	0.093	0.256	0.248	0.444	-0.107	0.026	0.092	-0.023	0.018	-0.127	-0.098	
0.060	0.460	0.771	-0.054	0.408	0.206	-0.113	-0.147	-0.026	0.347	0.597	0.697	0.212	-0.628	0.223	0.296	
3.151	1.162	-0.180	-0.361	0.054	0.915	-1.222	0.128	0.328	-0.158	0.698	-0.778	-0.041	-1.728	0.079	-0.000	
0.683	0.550	0.122	-0.243	0.101	0.222	2.132	0.209	0.113	2.462	-0.153	0.092	0.226	-0.199	2.085	-0.371	
-0.034	-0.140	-0.132	-2.654	-2.600	0.232	1.724	-1.511	-0.177	0.339	2.765	-0.749	-0.228	0.279	-0.776	-0.709	
1.249	-0.156	-0.225	-0.089	-0.744	-0.015	0.390	1.523	-0.183	0.167	-0.878	-0.178	0.307	0.020	0.071	0.291	
-0.037	0.615	-0.316	0.109	0.178	0.800	0.177	0.145	-0.110	0.062	1.757	0.298	0.160	-0.162	2.371	-0.112	
-2.080	-0.137	0.271	-0.146	0.028	0.424	1.884	-0.046	-0.035	0.165	-0.125	0.236	-0.162	-0.008	-1.737	-0.027	
1.278	-0.111	-1.412	-0.267	-0.117	-0.616	-0.022	0.426	
0.185	-0.095	0.983	-0.071	-0.315	-0.484	1.497	0.767	
0.010	-1.406	0.310	-1.196	1.186	0.519	-0.239	0.033	
0.054	-0.012	-1.046	-1.838	0.148	-0.250	0.623	-0.267	
0.020	-0.047	-0.608	2.265	-0.166	-0.499	0.118	-0.730	
-0.083	-0.149	-0.098	-0.134	5.149	2.754	0.185	0.111	
0.277	0.597	0.027	0.082	-0.174	0.356	0.197	-0.382	
-0.489	0.409	-1.495	-0.920	-0.235	0.131	0.076	1.086	
-1.050	-1.919	-0.044	0.134	-1.457	-0.188	1.983	0.211	
0.586	1.359	-0.132	-0.613	0.005	0.107	-0.291	1.206	
-0.044	0.697	0.117	-0.178	-0.109	-1.136	-0.526	0.178	
0.050	0.050	0.855	-0.181	-0.256	0.543	-0.414	0.098	
-0.228	-0.581	0.620	-0.270	-0.221	-0.259	-0.047	0.256	
-0.351	-0.157	0.463	-0.067	0.210	0.141	0.084	0.288	
0.236	0.371	0.071	0.262	0.125	-0.077	-0.034	-0.129	
1.540	0.531	-2.124	-0.266	0.203	-0.176	-0.392	-0.178	
-0.572	-1.191	-0.453	0.397	-0.944	0.465	-0.369	-0.369	
0.102	-0.728	-0.048	-0.723	-1.398	-2.137	1.977	1.034	
0.605	0.253	2.247	-0.113	-0.081	-0.450	-0.592	1.409	
-0.095	-0.388	0.398	-0.081	-0.149	-0.818	2.000	0.506	
0.494	1.466	0.869	0.217	
-0.502	0.252	-0.483	0.211	
0.154	-0.227	-0.244	-0.257	
