3
16 8 5 3 
-1.080	4.074	-9.436	4.237	1.736	-0.918	-1.980	1.191	-3.502	2.097	-1.697	0.817	-1.247	-3.141	2.016	5.119	
-3.950	-3.077	2.888	9.741	1.323	-8.977	-0.692	-2.892	-4.987	1.625	2.012	-1.726	-1.816	-2.188	7.139	-5.219	
-6.283	-0.096	1.239	-2.162	-3.090	-5.515	-7.795	4.415	-0.397	-1.729	5.874	-1.329	-4.019	-1.880	-1.956	-3.146	
2.767	-14.263	4.980	0.858	0.783	4.941	-2.038	-5.735	0.536	-3.575	3.907	-1.931	-0.152	-2.332	-2.812	2.172	
6.972	-0.932	-4.039	-2.661	-0.967	6.393	0.092	4.867	-0.759	-1.707	0.996	-3.376	5.039	-2.587	-2.759	4.365	
2.305	7.764	7.308	-9.094	2.412	14.218	2.479	-5.318	-0.585	9.403	-2.568	-1.451	-8.278	2.219	3.486	-14.112	
-0.103	-0.454	-2.276	-2.736	-3.766	2.670	3.894	-6.142	2.980	6.020	8.316	3.753	-4.252	-0.324	2.904	3.160	
-4.074	-2.103	3.546	-4.293	-1.018	-3.694	5.498	-1.042	7.630	1.984	1.443	-1.667	-4.330	-4.274	0.731	5.765	
-1.176	-3.618	4.622	-11.197	-5.802	12.111	5.339	1.377	
0.851	12.909	-1.529	2.033	-7.509	9.901	-7.987	-4.904	
5.016	-0.473	-1.987	3.673	-0.368	-4.796	0.223	-1.912	
-1.656	-3.418	1.734	-2.091	1.125	2.169	-7.071	2.676	
3.832	-8.791	-0.331	3.696	-2.349	0.948	1.964	-1.501	
-2.026	7.348	-0.979	2.209	1.879	
-2.692	-2.448	2.144	-3.524	-2.613	
-1.311	1.441	11.073	3.992	2.363	
