3
16 8 5 3 
-5.132	11.849	-3.443	-2.173	-4.633	-1.700	7.555	-0.439	-6.516	7.694	-1.408	-1.788	-4.278	1.547	-13.278	9.966	
-3.139	-10.959	6.551	9.254	0.562	-3.326	-10.635	5.672	2.559	-0.252	-4.861	-4.668	5.282	0.237	14.742	-9.525	
-6.471	-12.132	-0.827	2.536	9.653	-7.028	-3.727	5.100	-9.347	-5.379	0.520	14.490	9.481	1.575	1.470	0.675	
-2.862	-24.345	7.620	-1.852	-9.147	7.515	1.958	4.515	-7.297	6.000	-3.756	-1.770	4.121	0.855	-3.942	2.688	
5.884	-4.857	-6.476	-0.695	11.659	13.413	5.460	-1.140	-0.448	-2.934	3.947	-1.982	6.662	-4.183	-9.528	14.213	
11.325	9.893	5.394	-15.797	-5.116	16.999	-3.264	-3.795	0.172	13.091	-14.271	-9.646	-1.551	6.039	7.837	-3.554	
3.588	5.103	8.704	0.108	-2.646	-0.038	-3.475	-5.156	14.053	5.877	6.116	10.078	5.295	10.432	2.178	17.621	
-9.121	-6.015	2.931	-5.845	3.787	-11.893	7.514	3.327	2.822	-10.500	-1.935	13.462	-12.330	-2.521	-3.321	5.818	
0.334	4.769	-5.496	-21.657	-7.233	9.190	-6.533	3.977	
0.418	16.454	-1.512	8.473	-17.626	19.961	-14.994	-6.718	
8.627	-4.149	-17.033	3.802	6.146	-2.015	-3.577	-9.614	
4.667	-14.497	6.662	-5.449	6.138	-2.729	-7.536	2.334	
10.297	-17.715	-4.500	-6.134	11.512	-10.124	6.418	-8.881	
8.914	15.595	-3.592	0.165	-1.978	
-5.552	0.789	5.314	-0.299	-9.339	
-5.222	-5.471	12.702	-5.093	-2.462	
