3
16 8 5 3 
-4.247	11.077	-4.130	-2.560	-6.316	-5.123	7.873	-0.956	-6.570	8.429	-2.431	-1.589	-4.392	2.113	-14.502	6.204	
-3.227	-11.235	6.888	9.336	-2.352	-0.641	-9.113	3.656	0.553	1.793	-4.026	-2.843	6.498	0.799	16.422	-10.142	
-4.960	-12.151	-1.795	0.706	9.653	-6.849	-3.314	7.367	-7.500	-5.379	-1.762	15.297	4.351	2.171	2.740	2.491	
-3.200	-25.327	6.598	-1.075	-7.998	7.330	2.454	5.331	-7.297	1.814	-4.306	-1.452	3.019	1.577	-2.527	5.184	
1.046	-4.857	-7.761	-0.307	10.848	11.870	6.677	-2.972	-1.621	-1.639	4.310	-0.073	5.471	-1.463	-9.801	15.453	
10.135	12.713	5.394	-17.507	-5.473	14.904	-3.885	-3.795	0.270	13.778	-16.682	-11.112	-1.628	5.155	7.040	-4.594	
2.503	5.686	8.842	0.108	-2.137	-0.817	-2.651	-4.427	14.576	4.624	3.377	8.059	3.925	10.202	1.352	17.588	
-9.866	-6.015	2.206	-5.596	2.540	-10.474	9.531	1.627	7.226	-12.706	-1.818	14.408	-12.032	-3.267	-4.147	6.275	
-0.786	2.390	-5.973	-21.877	-9.771	9.171	-7.205	4.905	
1.033	16.948	-4.193	10.033	-14.690	22.592	-14.002	-6.452	
10.491	-4.803	-18.638	2.760	5.706	-3.571	-3.774	-10.281	
2.033	-13.445	6.311	-6.145	5.557	-4.946	2.560	2.119	
8.164	-17.851	-3.354	-8.094	11.351	-9.059	7.400	-9.551	
9.020	14.632	-4.371	-1.854	-1.196	
-7.010	1.128	5.314	0.615	-9.339	
-4.742	-8.164	8.305	-4.329	-0.935	
