3
16 8 5 3 
2.102	-0.030	-0.097	0.031	0.274	-0.727	-0.155	0.005	0.123	0.401	-1.239	2.188	-0.143	-3.947	0.056	-0.126	
-0.172	0.090	0.113	0.056	-1.692	-0.599	1.687	0.048	-0.196	2.057	-0.091	0.147	-0.199	-0.614	2.035	-0.150	
-0.053	-1.685	-0.112	-1.049	0.898	1.185	-1.965	0.205	0.140	-0.202	-0.190	-0.425	0.054	0.731	-2.537	0.203	
-0.690	0.058	-0.030	-0.746	0.469	0.815	-0.183	0.204	-0.114	-1.139	0.278	0.660	-0.147	-0.174	0.126	0.368	
-1.638	-1.095	0.452	0.658	0.058	0.185	-0.200	0.141	-0.105	-2.670	0.282	0.189	-0.437	1.086	-1.557	1.709	
0.588	-0.786	2.606	-1.056	2.178	-0.443	1.892	-0.176	-0.247	1.343	0.560	0.096	-0.845	-0.125	-0.714	1.505	
-2.225	-1.126	-0.872	0.022	-1.163	-0.751	-1.457	0.545	-1.630	0.977	0.109	0.057	1.066	1.615	-2.002	0.162	
-0.151	1.044	-0.280	0.018	0.030	0.657	-0.153	0.936	-0.928	-1.773	-0.250	0.540	1.480	-0.024	0.115	-0.048	
-0.701	-0.696	0.184	-1.398	2.554	-0.751	-0.339	-0.035	
0.085	2.154	1.180	2.495	0.977	-0.165	-0.107	-0.126	
-0.582	0.313	-0.037	1.845	0.052	-0.540	-0.685	1.108	
-1.018	1.159	-1.089	0.926	0.150	-1.686	3.860	-0.013	
0.078	-0.347	-0.932	-1.104	0.136	-0.059	0.064	-0.309	
-0.830	-0.013	3.710	-3.765	2.194	
-0.266	1.862	0.501	0.209	-1.139	
0.942	1.201	-0.349	-0.117	-0.061	
