3
16 8 5 3 
-4.247	12.614	-4.844	-1.482	-5.133	-5.123	7.978	-0.876	-4.405	9.374	-0.243	-0.794	-3.650	1.474	-13.600	10.504	
-3.227	-9.378	6.960	9.555	-0.552	-1.995	-10.737	2.767	0.419	1.793	-3.731	-2.692	6.627	-0.745	15.316	-8.585	
-6.828	-11.501	-1.795	2.406	11.109	-7.206	-6.329	7.333	-8.047	-5.218	-1.762	15.297	2.566	2.354	1.722	2.886	
-2.380	-25.096	3.910	-0.672	-9.203	7.538	0.120	5.901	-6.495	3.329	-3.352	-2.585	2.314	2.967	-3.346	5.865	
3.305	-5.930	-7.946	-1.058	12.370	12.103	4.684	-3.256	-3.036	-2.749	4.839	-0.024	6.906	-3.199	-10.221	14.857	
10.547	13.158	5.394	-16.049	-4.603	12.295	-3.885	-3.795	-1.948	14.328	-15.974	-11.638	-1.526	5.174	9.231	-5.016	
4.877	2.148	11.682	-2.325	-1.210	-0.052	-3.908	-4.427	18.020	5.294	2.561	6.487	3.684	7.937	2.342	15.951	
-9.121	-4.903	4.661	-6.737	3.621	-11.893	8.339	0.445	5.173	-11.007	-1.973	15.313	-11.953	-2.933	-4.147	6.483	
-1.980	4.887	-6.760	-20.981	-8.675	7.952	-7.693	4.209	
0.659	17.042	-2.680	9.410	-15.705	20.682	-14.930	-6.703	
11.302	-5.095	-19.430	2.607	5.199	-4.117	-3.577	-9.868	
4.721	-14.497	9.580	-5.343	6.004	-4.744	0.909	3.180	
8.239	-16.984	-2.735	-6.329	12.622	-12.609	4.337	-9.567	
8.868	15.595	-4.224	-1.042	-0.097	
-7.010	1.128	5.642	-1.277	-9.339	
-4.396	-6.253	8.049	-6.155	0.123	
