3
16 8 5 3 
-4.653	11.316	-1.379	-1.772	-7.906	-1.743	8.758	-0.121	-4.224	8.852	-0.734	-1.276	-3.804	1.547	-12.231	7.729	
-3.613	-11.523	6.974	9.045	-0.388	-3.326	-12.307	5.478	0.553	-2.029	-3.731	-0.794	6.728	-0.337	19.160	-11.539	
-3.882	-10.705	-2.265	2.536	9.653	-7.044	-5.494	8.250	-8.506	-6.239	0.520	14.380	1.841	0.807	1.883	2.324	
-2.327	-22.453	7.124	-1.503	-9.351	7.330	1.549	6.163	-6.638	3.981	-4.999	-1.770	3.889	0.855	-3.921	5.894	
5.977	-4.857	-7.761	0.217	11.659	12.680	6.107	-2.269	-1.202	-2.934	4.727	-0.637	7.045	-3.285	-10.395	14.415	
7.854	12.713	4.789	-16.782	-4.407	14.731	-3.885	-4.326	0.172	13.084	-12.748	-11.498	-0.922	5.009	8.251	-3.214	
3.827	4.891	5.568	0.108	-4.942	-0.529	-2.732	-1.742	12.436	5.294	2.561	8.059	6.498	9.531	3.316	18.363	
-10.093	-6.015	3.043	-7.852	4.826	-11.893	7.812	2.730	5.061	-11.096	-1.602	14.408	-12.330	-1.949	-4.147	5.818	
0.650	3.677	-5.496	-22.076	-9.597	9.414	-7.693	3.977	
0.035	16.454	-0.362	9.352	-14.039	19.116	-16.116	-6.313	
8.627	-8.139	-16.808	5.235	6.146	-4.278	-3.577	-9.923	
4.556	-16.629	6.780	-4.979	6.501	-2.872	1.560	2.334	
8.247	-16.075	-4.925	-3.373	11.351	-10.219	4.847	-7.870	
8.342	15.771	-3.477	-1.566	1.086	
-7.010	1.128	5.314	-1.778	-9.339	
-4.309	-5.471	11.896	-2.800	-3.475	
