3
16 8 5 3 
-4.247	12.111	-4.130	-1.668	-6.316	-5.123	7.873	-0.956	-2.093	8.429	-2.431	0.907	-3.759	2.113	-14.502	8.137	
-3.227	-11.858	6.960	9.336	-2.352	-1.149	-9.113	3.656	0.553	0.980	-1.449	-4.086	6.924	0.023	16.314	-10.931	
-5.074	-12.151	-0.872	0.706	9.653	-7.206	-3.314	7.333	-7.500	-5.379	-1.762	16.103	5.834	2.171	2.740	0.495	
-4.025	-25.669	7.294	-2.754	-10.108	7.330	2.454	7.182	-7.342	3.222	-4.306	-1.452	2.314	1.577	-3.346	6.078	
0.544	-4.857	-7.761	0.391	10.904	11.870	5.705	-4.035	-1.621	-1.639	4.310	-0.899	5.471	-3.347	-10.221	15.453	
10.135	12.713	5.394	-14.610	-6.475	14.904	-4.522	-3.795	0.270	12.760	-16.320	-11.112	-1.068	5.174	7.689	-4.603	
3.601	4.846	9.177	-0.222	-2.137	-0.817	-2.651	-4.427	15.033	4.624	2.561	8.059	4.438	10.202	0.668	17.588	
-9.121	-6.015	3.906	-6.737	3.154	-11.396	10.121	1.627	7.371	-11.768	-1.973	15.364	-11.889	-1.060	-4.147	6.833	
-0.786	2.249	-6.760	-21.877	-8.749	9.299	-7.272	4.497	
0.296	19.104	-4.130	10.033	-15.705	21.735	-14.534	-6.452	
10.491	-4.803	-18.638	2.987	8.395	-3.571	-3.297	-10.635	
2.685	-14.529	7.335	-6.808	5.557	-4.946	0.712	2.119	
8.164	-16.075	-4.650	-6.329	11.351	-9.333	7.400	-8.520	
9.643	15.595	-3.633	-1.854	-0.509	
-7.010	1.128	5.314	-1.778	-9.339	
-4.742	-6.253	8.305	-5.026	-0.336	
