3
16 8 5 3 
-4.247	11.316	-2.922	-2.173	-5.181	-1.022	7.555	-0.050	-6.516	8.708	-1.408	-1.569	-4.277	1.547	-13.278	10.011	
-3.227	-11.809	4.574	10.035	1.917	-2.754	-10.165	5.672	1.229	0.205	-4.861	-3.872	6.728	0.237	14.742	-8.889	
-6.471	-9.690	-0.827	2.536	9.653	-7.028	-3.499	7.267	-10.969	-4.355	0.520	14.232	4.467	1.302	1.867	0.675	
-2.862	-25.559	8.118	-1.119	-10.108	7.515	0.889	4.515	-9.110	4.928	-3.181	-1.770	4.121	0.855	-3.724	3.229	
5.884	-6.794	-7.761	-1.176	11.659	13.413	3.302	-3.229	-0.448	-2.934	4.727	-0.388	4.881	-5.322	-10.282	14.888	
11.325	12.296	5.087	-13.087	-4.274	19.136	-2.439	-3.795	0.172	15.122	-14.271	-9.990	-0.922	4.924	7.837	-3.554	
3.588	5.103	9.750	0.108	-2.646	-0.038	-2.761	-4.427	14.757	5.265	6.138	8.059	5.295	10.239	-0.053	18.279	
-6.783	-6.015	3.117	-6.001	3.787	-11.893	7.514	3.081	2.822	-9.092	-1.973	14.408	-12.330	-1.152	-4.147	5.818	
-1.894	3.677	-5.409	-21.657	-7.398	9.348	-6.823	3.977	
1.166	16.454	-1.512	8.629	-15.604	19.961	-14.994	-6.718	
8.627	-4.725	-18.641	3.802	6.146	-4.577	-2.817	-9.166	
5.956	-14.497	6.662	-5.760	6.138	-3.196	-3.057	2.334	
11.761	-13.368	-4.925	-6.134	11.351	-10.219	6.418	-9.227	
10.051	15.595	-3.633	0.165	-0.849	
-5.552	1.128	5.314	0.819	-9.339	
-5.350	-4.456	11.575	-6.033	-3.705	
