3
16 8 5 3 
2.511	0.478	-8.306	2.743	0.547	-1.560	-2.794	-0.649	-4.499	2.221	-0.410	3.564	-1.745	-2.221	3.464	0.676	
-4.081	-0.954	2.409	4.906	-1.484	-6.721	1.520	-4.931	0.540	2.346	0.553	1.538	5.677	-0.369	5.264	-6.429	
-3.398	3.551	1.198	-3.316	-0.573	-3.097	-5.715	2.169	3.823	-0.365	4.175	1.864	-3.465	1.269	0.172	-3.117	
0.641	-8.585	3.026	0.845	0.618	2.857	-1.657	-0.728	-3.765	-5.010	-0.490	-3.820	-4.726	-2.325	-3.898	-0.264	
5.852	-2.972	-0.479	-7.785	-1.607	-2.513	0.424	0.939	-0.174	0.602	0.289	-0.895	6.007	-1.313	-2.868	0.710	
0.500	2.268	5.567	-5.439	0.408	4.168	4.824	-5.463	-2.717	4.868	-2.132	0.521	-3.340	0.284	5.046	-9.363	
-1.675	-0.273	-4.542	0.705	-3.566	1.677	3.448	-2.353	2.840	5.088	6.619	2.630	-2.849	0.928	1.677	2.777	
-2.154	1.056	0.820	-6.220	2.480	-3.965	4.197	-2.587	4.684	0.332	-0.259	-0.723	-3.877	-4.020	0.687	3.707	
0.921	-3.691	-1.290	-10.217	-3.797	8.753	-1.868	2.900	
-0.448	7.416	-0.204	-1.307	-2.762	11.203	-6.089	-2.468	
3.993	-0.613	-0.633	4.208	0.650	-6.344	-0.467	-0.179	
1.119	-1.698	1.772	0.268	-3.071	4.396	-5.651	-0.514	
2.335	-3.053	3.269	4.488	0.766	-0.356	-0.429	-1.676	
0.632	10.365	-2.005	1.418	1.478	
-4.530	-3.846	-0.301	-3.900	-1.928	
-0.737	2.629	10.859	1.420	4.648	
