3
16 8 5 3 
-0.066	0.040	0.509	-0.051	0.168	0.070	0.513	-0.164	0.060	0.116	-0.234	0.002	0.085	0.018	0.205	0.058	
-0.220	1.684	-0.192	0.231	0.155	-0.009	0.165	0.075	0.231	0.043	-0.087	-0.057	-0.193	0.089	-0.048	0.106	
-0.228	0.487	0.118	-0.228	-0.013	0.121	-0.088	-0.108	1.528	0.046	0.238	0.177	0.133	0.039	0.076	0.040	
-0.110	-0.081	-0.232	0.070	1.086	0.093	-0.029	-0.016	-0.069	-0.146	-0.016	-2.217	-0.390	0.158	0.621	0.134	
0.085	-1.870	0.017	-0.228	-0.033	-0.189	-0.718	0.243	0.099	-0.046	-0.198	-0.239	-0.034	-0.151	0.079	-1.033	
0.181	-0.028	-0.075	-0.123	0.229	0.073	0.247	-0.167	-0.034	-0.061	0.020	-0.009	0.124	-0.214	-0.084	0.082	
0.072	-0.032	-0.003	-0.102	0.016	0.072	-0.098	-1.082	0.203	0.045	0.389	-0.086	0.054	0.063	0.141	0.053	
-0.043	0.050	0.032	0.233	0.174	0.005	0.039	0.136	0.056	0.114	0.216	-0.175	-0.104	0.083	0.021	0.194	
-0.182	0.067	-0.123	-0.269	2.100	0.086	-0.162	0.063	
0.352	0.346	0.222	1.137	-0.010	1.321	0.241	0.104	
0.351	0.104	0.139	-1.260	-0.002	0.034	1.021	0.002	
0.045	-0.190	0.305	0.026	0.172	0.149	-0.069	-0.173	
-0.303	-0.292	-1.527	-0.281	-0.039	0.347	-0.283	-1.200	
0.285	1.757	-0.174	0.633	-0.077	
-2.578	0.443	0.389	-0.281	0.300	
-0.178	0.414	1.046	0.419	0.122	
