3
16 8 5 3 
0.195	-0.082	0.124	0.121	0.154	0.094	-0.101	-0.132	0.026	-0.152	-0.176	-0.060	-0.169	-0.157	-0.122	0.183	
0.056	0.020	0.118	0.048	-0.108	-0.174	0.047	0.154	-0.097	0.197	-0.063	0.135	0.199	0.062	-0.029	-0.214	
-0.218	0.123	0.210	0.134	-0.034	-0.096	-0.144	0.082	0.181	-2.021	0.216	-0.587	-0.051	-0.037	-0.001	-0.058	
0.050	0.037	-0.185	-0.203	0.131	0.220	0.245	0.198	0.011	-0.942	-0.148	0.027	-0.004	0.229	-0.356	0.172	
0.240	0.101	0.156	0.120	0.085	-0.056	0.011	-0.179	-0.221	0.054	0.190	-0.204	0.166	-0.166	-0.171	-0.118	
0.183	-0.159	0.022	0.002	-0.020	0.059	-0.140	-0.159	0.006	0.055	-0.086	-0.197	0.139	0.122	0.197	0.139	
-0.215	0.221	-0.047	0.187	-0.130	0.037	-0.086	0.209	-0.236	0.189	-0.223	-0.129	-0.036	0.149	0.206	0.008	
-0.215	0.215	0.067	-0.105	-0.155	-0.083	-0.066	-0.118	-0.170	0.040	0.101	-0.141	-0.120	0.044	0.078	0.180	
-0.167	-0.055	-0.280	-0.263	0.150	0.012	0.021	0.284	
-0.206	-0.031	-0.255	-0.095	0.297	0.192	-0.033	0.215	
-0.008	0.345	-0.252	0.297	0.332	0.009	0.004	-0.090	
-0.428	0.218	-0.280	0.099	0.085	0.145	0.254	0.294	
-0.155	0.088	-0.260	-0.156	-0.147	0.158	-0.165	-0.338	
0.382	0.353	0.369	0.088	0.163	
0.448	0.435	-0.106	-0.082	0.041	
-0.044	-0.391	0.415	-0.384	-0.205	
