3
16 8 5 3 
-4.653	11.316	-2.483	-1.772	-6.316	-1.743	8.758	-0.121	-5.571	8.095	-0.734	0.927	-3.804	1.547	-12.231	7.729	
-3.613	-11.523	6.974	9.045	-0.388	-3.326	-12.307	5.672	0.553	-4.311	-3.731	-0.794	6.728	-0.337	19.160	-11.539	
-3.719	-10.705	-2.265	2.536	9.653	-7.044	-5.494	8.250	-8.506	-4.632	0.520	14.380	2.460	0.807	1.883	2.324	
-2.327	-22.453	7.917	-1.503	-9.351	7.330	0.474	6.163	-6.638	3.981	-4.999	-1.770	3.889	1.877	-3.921	5.894	
5.977	-4.857	-7.761	0.217	11.659	12.680	5.721	-2.269	-3.041	-3.257	4.727	-0.637	7.776	-3.285	-10.395	14.415	
10.329	12.713	4.789	-16.782	-4.407	14.731	-3.885	-3.795	0.172	13.864	-12.748	-11.498	-0.922	5.009	8.251	-3.214	
4.922	4.891	6.765	0.108	-4.957	-0.529	-2.732	-1.742	12.436	5.294	2.561	6.162	5.214	9.531	3.316	18.279	
-10.093	-5.214	3.043	-7.852	5.338	-11.893	7.812	4.724	5.061	-11.096	-1.602	14.408	-13.253	-1.949	-4.839	6.494	
0.650	3.677	-5.496	-21.657	-9.563	8.704	-7.693	3.977	
0.035	16.454	-0.362	9.352	-13.980	18.756	-16.116	-6.313	
8.627	-8.139	-16.808	5.190	6.146	-4.278	-3.577	-9.923	
4.556	-16.629	6.780	-4.979	6.501	-2.872	1.560	2.334	
8.452	-16.075	-4.925	-6.134	12.312	-10.219	4.847	-8.357	
8.342	15.084	-3.477	-3.391	0.924	
-7.513	1.128	5.314	-1.778	-9.339	
-4.309	-5.471	11.896	-2.800	-3.475	
