3
16 8 5 3 
-4.046	11.847	-1.642	-2.961	-5.805	-0.486	7.118	-0.976	-5.722	7.205	-1.408	-0.211	-3.757	2.703	-18.649	7.972	
-3.961	-10.959	4.326	12.352	-0.902	-1.253	-9.403	2.874	0.973	0.205	-3.854	-2.669	6.728	-0.337	15.755	-9.980	
-8.600	-11.614	-1.795	2.543	10.302	-6.542	-5.119	9.354	-7.590	-4.442	0.520	15.751	4.840	5.153	0.173	0.404	
-2.435	-23.619	7.960	-2.517	-10.260	7.326	1.578	7.667	-6.231	3.981	-3.406	-1.235	2.314	1.471	-3.441	4.877	
5.977	-4.857	-7.094	0.116	11.065	13.945	5.255	-1.811	-3.478	-0.790	4.622	-0.388	5.370	-0.060	-13.803	14.512	
10.366	11.575	5.046	-18.385	-5.404	17.501	-4.764	-2.455	1.718	14.366	-14.626	-11.090	0.052	4.813	8.320	-3.341	
3.588	3.938	8.152	0.108	0.237	-1.095	-2.468	-4.427	14.884	4.972	2.073	9.086	6.606	9.105	2.246	11.772	
-9.121	-8.482	3.043	-7.396	3.930	-13.108	6.845	5.175	5.388	-10.500	-3.637	12.178	-13.806	-1.810	-0.587	5.818	
-0.548	3.323	-5.496	-21.671	-8.461	11.674	-7.693	3.977	
0.418	15.916	-3.094	9.041	-16.593	21.252	-14.834	-6.703	
8.495	-5.258	-16.552	4.038	4.777	-3.539	-1.265	-7.880	
4.814	-14.497	6.461	-5.075	9.348	-6.901	0.882	4.622	
8.247	-16.006	-5.000	-6.134	10.278	-11.268	6.616	-8.880	
9.020	15.919	-4.000	-1.854	0.751	
-7.010	1.128	5.294	-1.778	-9.173	
-4.143	-4.287	11.318	-5.628	-1.561	
