3
16 8 5 3 
-4.247	12.111	-4.130	-1.811	-6.316	-5.123	7.873	-0.956	-3.347	8.429	-2.431	-0.794	-3.652	2.113	-14.502	8.137	
-3.227	-11.235	7.785	9.336	-3.625	-1.149	-8.674	2.534	0.659	1.793	-4.026	-4.086	8.341	0.023	15.672	-10.142	
-5.074	-12.571	-1.452	0.706	10.550	-7.206	-3.314	9.773	-7.781	-5.379	-1.762	16.406	4.225	0.151	2.740	3.901	
-3.200	-24.865	6.598	-0.353	-11.144	6.189	2.454	5.970	-8.232	3.595	-4.306	0.343	3.584	1.630	-3.794	5.184	
0.836	-4.306	-7.761	0.391	10.904	11.870	5.705	-4.035	-1.621	-2.045	4.310	-0.073	5.471	-3.347	-10.221	15.453	
6.925	12.382	5.394	-14.610	-5.473	14.904	-3.885	-3.795	0.270	15.277	-19.261	-11.607	-1.628	6.083	7.040	-4.603	
2.503	4.891	9.353	-0.222	-2.137	-1.086	-2.651	-4.758	14.576	6.019	0.600	8.059	4.459	10.202	1.905	17.588	
-8.764	-4.659	3.303	-4.455	3.154	-11.396	9.590	1.399	7.371	-11.768	-1.973	15.744	-11.889	-1.060	-4.147	6.820	
-0.786	1.959	-4.833	-21.877	-9.142	9.171	-7.272	7.942	
0.296	15.415	-2.905	10.033	-16.851	23.608	-15.229	-6.452	
10.491	-4.803	-18.638	2.987	8.003	-3.571	-3.297	-9.079	
2.685	-13.445	7.335	-5.829	5.557	-4.885	1.437	2.119	
8.164	-17.043	-3.988	-6.329	11.433	-9.333	7.400	-7.818	
9.020	15.553	-3.745	-1.854	-0.509	
-7.661	1.128	5.810	-1.896	-9.339	
-6.955	-6.253	8.305	-3.781	-0.935	
