3
16 8 5 3 
-4.247	10.287	-2.360	-2.173	-7.643	-0.406	10.682	-2.570	-5.571	10.336	-2.524	-0.794	-4.115	1.547	-13.654	9.848	
-1.301	-10.151	6.960	11.093	-0.502	-2.101	-8.080	4.315	0.140	-0.749	-1.797	-3.662	4.126	-0.337	14.265	-12.473	
-7.088	-12.229	-3.045	0.810	11.043	-6.686	-4.589	7.333	-7.655	-5.379	-0.331	14.231	1.741	0.180	1.881	0.182	
-2.327	-24.743	7.411	-0.572	-10.108	8.369	0.753	4.927	-7.092	3.981	-4.799	-1.985	3.922	0.944	-2.858	2.490	
4.896	-4.663	-7.761	-1.058	10.726	10.707	4.226	-1.811	-2.729	-4.600	4.727	0.712	6.088	-3.285	-10.056	14.965	
10.575	12.713	5.394	-16.544	-4.064	14.092	-5.074	-4.100	0.113	14.357	-16.776	-10.953	-0.922	3.717	9.346	-4.603	
3.588	2.849	5.866	-0.531	-2.137	0.006	-1.679	-3.358	13.829	3.746	1.776	5.648	3.096	8.610	1.671	20.396	
-9.121	-7.172	4.823	-6.903	3.928	-11.507	7.514	0.214	5.061	-10.246	-1.177	13.470	-11.303	-5.985	-4.147	4.465	
0.230	3.433	-4.643	-21.342	-8.099	10.928	-8.008	3.977	
1.549	15.916	-0.528	9.410	-18.036	19.298	-15.311	-5.602	
7.148	-6.434	-16.107	4.137	4.653	-4.577	-5.842	-9.846	
4.662	-14.497	7.996	-8.288	7.259	-3.571	-1.985	3.180	
6.998	-16.075	-2.414	-3.890	12.394	-9.380	6.418	-7.193	
8.751	17.192	-4.408	-1.089	0.817	
-7.010	0.751	6.660	-1.778	-9.836	
-6.455	-4.796	10.238	-4.773	-1.195	
