3
16 8 5 3 
-3.784	11.316	-1.642	-2.004	-5.856	-2.494	7.118	-1.848	-5.722	8.514	-1.414	-0.211	-3.757	2.229	-17.156	7.972	
-3.961	-10.959	5.157	12.352	-0.502	-1.253	-9.403	3.623	0.973	-0.168	-3.854	-2.669	6.728	-0.337	16.299	-9.980	
-10.219	-12.467	-1.795	1.468	10.302	-6.542	-5.494	9.354	-8.288	-4.442	-0.126	16.507	4.050	5.153	0.391	2.324	
-1.429	-23.619	8.841	-1.474	-10.719	7.326	1.578	7.667	-6.663	4.243	-3.406	-1.235	2.314	1.471	-3.914	5.189	
7.150	-4.857	-7.094	0.116	11.358	13.945	2.491	-1.811	-4.143	-0.790	3.791	-0.388	5.370	0.023	-13.373	14.512	
9.244	11.575	5.394	-16.782	-5.404	18.278	-3.761	-3.228	2.153	14.403	-14.626	-11.952	0.052	4.813	6.169	-4.791	
3.588	3.773	8.152	0.108	-2.137	-1.095	-2.468	-4.427	14.277	4.187	2.073	9.908	4.181	8.796	0.746	16.398	
-9.869	-7.752	2.474	-6.852	3.930	-13.108	7.195	5.175	5.388	-11.694	-3.637	12.178	-12.965	-2.395	-0.587	4.606	
-0.548	5.213	-3.839	-21.671	-8.461	11.674	-7.693	3.656	
0.418	14.346	-3.094	9.041	-16.593	21.252	-15.229	-6.703	
8.495	-5.258	-17.125	4.038	3.900	-4.702	-1.265	-7.413	
4.662	-15.848	6.461	-4.644	9.348	-6.901	0.232	4.622	
7.704	-13.794	-5.000	-6.134	11.351	-10.022	6.640	-8.880	
9.020	15.335	-2.769	-3.376	0.751	
-7.698	1.128	5.294	-1.778	-9.339	
-4.143	-5.494	11.318	-6.576	-2.546	
