3
16 8 5 3 
-4.247	12.454	-3.738	-0.214	-6.316	-5.123	7.873	0.632	-3.347	8.921	-2.246	-0.794	-3.859	2.200	-14.502	8.137	
-0.978	-11.235	7.459	9.336	-3.690	-2.707	-10.864	4.208	0.553	1.793	-4.026	-4.086	9.128	0.023	16.314	-10.142	
-5.074	-13.515	-2.321	-0.091	10.341	-8.719	-5.507	7.333	-7.500	-6.116	-1.762	14.210	4.225	2.171	1.578	2.491	
-3.654	-25.669	6.792	-1.773	-10.108	7.830	2.599	5.970	-7.297	2.655	-4.306	-0.343	1.555	1.577	-3.346	6.078	
0.544	-3.411	-7.761	0.391	10.904	11.870	5.705	-4.710	-2.742	-1.639	4.310	-1.308	5.471	-4.704	-10.221	12.594	
10.446	12.713	5.394	-14.610	-8.380	14.201	-4.522	-3.795	0.270	16.566	-16.320	-11.112	-1.628	5.497	7.689	-5.712	
2.503	4.891	9.150	-0.222	-2.137	-0.154	-2.831	-4.427	14.576	4.624	3.921	8.059	4.712	10.028	0.668	17.545	
-9.121	-6.015	3.713	-8.741	3.154	-8.094	10.121	0.827	7.371	-11.768	-0.499	14.408	-11.944	-1.060	-4.147	6.833	
-1.213	1.809	-6.760	-21.877	-8.675	9.712	-7.272	4.549	
0.296	17.025	-4.165	10.033	-15.705	21.425	-15.229	-8.073	
10.491	-4.803	-18.638	2.987	8.395	-2.941	-3.297	-9.702	
2.685	-13.445	7.335	-6.808	5.792	-4.946	1.437	2.119	
8.164	-15.086	-3.988	-6.329	9.445	-9.333	7.400	-8.520	
9.020	15.595	-3.907	-0.391	-0.486	
-7.010	1.128	5.314	-1.778	-9.339	
-4.742	-6.535	9.018	-5.184	-0.333	
