3
16 8 5 3 
0.347	0.112	0.000	0.002	-0.209	0.183	-0.021	0.177	-0.220	-0.212	0.214	0.249	-0.106	0.001	-0.115	-0.066	
-0.064	0.241	0.146	0.133	-0.109	0.232	0.020	-0.203	-0.183	0.243	-0.126	0.656	0.200	-0.083	0.136	-0.124	
0.071	-0.026	-0.077	0.190	0.215	-0.026	-0.095	0.160	0.508	-0.182	0.005	-0.130	0.234	0.103	-0.004	-0.028	
0.120	-0.026	-1.305	0.086	0.011	0.084	-0.189	-0.102	-0.180	-0.182	-0.049	0.029	1.482	-0.032	0.067	0.217	
0.028	0.080	0.031	0.112	-0.216	-0.207	-0.631	-1.741	0.072	0.034	-0.139	0.058	0.043	0.070	0.146	0.187	
0.134	0.001	0.219	0.016	0.055	-0.078	-0.249	-0.058	-0.240	0.123	0.070	-0.458	-0.040	-0.131	0.059	0.007	
0.120	-0.052	0.079	-0.210	0.150	0.045	-0.225	0.020	0.133	0.041	-0.716	1.012	0.028	0.076	0.169	0.205	
0.173	-0.077	0.173	-1.009	-0.229	0.025	-0.329	-0.209	-0.248	-0.232	0.073	-0.039	0.028	-0.127	-0.163	0.210	
0.176	-0.074	-0.191	-0.254	0.149	0.270	2.245	0.309	
-0.056	0.120	0.232	0.093	-0.278	0.341	0.089	0.347	
-0.275	-0.064	0.336	-0.345	0.302	-0.167	-0.009	-0.210	
0.268	0.215	0.068	-0.220	-0.156	0.267	1.272	-0.200	
-0.172	0.153	0.021	-0.093	-0.069	0.177	0.100	-0.314	
-0.232	0.235	-0.206	0.164	-0.374	
-0.257	0.150	-0.266	-0.210	-0.366	
0.413	0.138	0.315	0.352	-0.050	
