3
16 8 5 3 
-3.246	12.246	-4.130	-1.482	-6.316	-5.642	7.873	0.793	-2.769	8.429	-0.346	-0.794	-3.652	1.682	-14.502	7.738	
-2.030	-10.959	6.960	9.336	-2.017	-1.250	-9.984	4.476	0.553	2.619	-4.933	-4.437	6.627	0.198	15.672	-10.937	
-6.710	-12.312	-1.795	0.545	9.236	-7.206	-5.549	7.333	-6.784	-3.439	-1.762	15.724	4.225	0.767	1.791	2.491	
-3.200	-24.743	6.674	-1.075	-9.941	6.307	2.454	5.970	-6.584	2.561	-4.306	-1.849	3.252	1.577	-4.284	5.741	
1.757	-4.857	-6.977	-0.156	8.935	11.870	5.288	-5.954	-1.621	-0.424	3.774	-0.073	4.349	-4.330	-10.221	15.453	
10.135	13.005	5.394	-14.610	-3.213	15.713	-3.992	-3.382	1.210	12.037	-16.320	-11.112	-1.151	5.331	7.837	-3.492	
0.751	4.471	8.651	2.391	-2.137	-0.817	-3.740	-4.427	14.337	5.247	4.833	8.059	4.716	10.202	1.352	17.427	
-9.121	-6.015	3.713	-6.737	3.633	-11.396	9.531	4.736	8.248	-11.768	-2.262	14.408	-13.477	-2.526	-4.099	6.833	
-0.994	4.015	-6.527	-21.877	-8.253	9.950	-7.439	3.042	
0.589	17.025	-3.843	10.568	-15.705	21.055	-14.265	-6.452	
9.971	-4.803	-19.156	3.388	5.375	-5.664	-3.709	-10.281	
3.239	-13.812	7.335	-6.317	6.095	-6.125	1.437	2.992	
9.783	-13.341	-3.988	-6.329	11.351	-9.556	6.972	-9.787	
9.508	15.595	-3.477	-3.372	-0.509	
-7.010	2.027	5.351	-1.778	-9.339	
-4.799	-7.557	7.250	-5.026	-1.340	
