3
16 8 5 3 
-4.247	12.111	-4.146	-1.668	-6.316	-5.123	7.873	-0.956	-3.347	8.429	-2.431	-0.794	-3.759	2.113	-14.502	8.137	
-3.227	-10.436	6.960	9.336	-2.352	-1.149	-9.113	3.656	0.553	1.793	-5.089	-4.086	6.627	0.023	16.314	-10.142	
-5.074	-12.151	-2.091	0.642	9.653	-8.684	-1.607	7.333	-7.500	-5.379	-1.762	15.297	4.225	1.350	2.740	2.311	
-3.200	-25.669	6.598	-0.629	-10.108	9.769	2.454	7.770	-7.297	3.222	-4.306	-1.452	2.314	1.577	-5.378	6.078	
0.544	-4.857	-7.761	0.391	10.904	11.870	5.705	-4.035	-0.092	-1.639	6.400	-0.899	5.471	-3.347	-10.221	15.453	
10.135	12.713	5.394	-13.725	-6.475	14.904	-4.522	-3.795	2.142	14.126	-16.320	-11.112	-1.628	5.174	8.368	-4.603	
2.503	4.891	10.643	-0.222	-2.137	-0.817	-2.651	-4.427	14.576	4.624	2.561	8.059	4.459	9.406	0.668	17.588	
-9.121	-6.015	3.713	-6.737	3.154	-11.396	10.121	1.627	7.094	-11.768	-1.973	14.408	-11.621	-1.060	-4.147	6.006	
-0.786	2.249	-6.760	-21.877	-8.675	9.171	-7.272	4.497	
0.296	17.025	-4.130	10.033	-15.705	23.680	-15.229	-6.452	
10.491	-4.803	-18.638	2.987	8.395	-3.571	-3.297	-10.281	
2.119	-13.445	7.335	-6.530	5.557	-4.946	1.437	2.119	
8.164	-16.075	-3.988	-6.329	11.351	-9.333	7.400	-9.534	
9.020	15.595	-3.633	-1.854	-0.509	
-7.010	1.128	5.314	-1.778	-9.339	
-4.742	-6.253	7.241	-5.026	-0.935	
