3
16 8 5 3 
1.474	-0.030	-2.628	0.031	-0.981	-0.097	1.448	0.005	0.123	0.862	0.471	-2.622	-0.143	-3.947	0.056	-1.233	
-0.740	-1.039	0.113	0.838	-0.246	-0.599	1.903	0.048	-0.851	1.644	0.083	-0.594	-0.199	-0.241	3.356	-2.982	
0.077	-1.685	-0.112	0.081	-0.023	0.132	-1.412	0.205	0.140	-0.202	-0.190	0.693	2.463	0.731	-2.537	0.203	
-0.686	0.058	-0.030	-0.600	0.219	0.776	-0.183	0.204	-0.114	-1.002	0.220	0.660	-0.147	-0.365	-0.200	0.368	
-0.543	0.015	0.452	0.658	0.058	0.367	-0.123	0.141	-0.105	-3.869	0.282	-1.671	-0.378	1.306	-2.330	1.709	
0.872	-0.786	-0.105	-1.056	1.404	0.094	1.892	-0.176	-1.623	0.107	-1.232	0.096	0.173	-0.125	-0.714	-0.153	
-2.225	-0.167	0.207	0.022	-0.240	-0.768	-2.878	0.718	0.320	-0.753	0.109	0.057	0.193	1.615	-2.002	-0.350	
0.035	1.044	0.067	0.284	0.030	0.657	-0.153	2.261	0.030	-0.097	0.486	0.540	-0.772	0.029	-0.085	-0.048	
-0.559	-0.130	0.636	-1.117	1.810	-0.591	-0.774	-0.155	
0.288	1.630	1.168	2.138	0.780	-0.986	-1.409	2.180	
1.337	0.313	-0.447	0.748	-0.233	-1.102	-0.055	2.102	
-1.018	-0.081	-0.537	0.926	2.325	-1.726	7.001	-0.013	
1.537	-0.347	-0.932	-1.104	0.664	-0.059	0.064	-0.309	
-0.830	0.062	3.710	-1.236	2.194	
-0.558	0.202	0.051	0.209	-0.445	
0.428	1.404	-0.349	-0.117	-0.061	
