3
16 8 5 3 
-2.456	9.522	-5.600	-4.052	-6.316	-4.961	7.418	-0.839	-6.264	8.708	-1.468	-1.276	-4.277	1.547	-14.526	6.982	
-0.296	-10.959	6.149	9.403	-0.502	-3.910	-12.700	4.040	-0.790	-2.236	-3.120	-1.495	7.804	-0.337	15.185	-10.090	
-8.111	-12.226	0.468	2.536	9.653	-8.293	-6.617	7.333	-7.966	-5.379	0.520	13.100	1.904	2.818	3.461	2.101	
-3.897	-25.391	6.857	-1.119	-10.108	7.512	2.816	4.217	-7.297	1.957	-3.663	-1.373	0.914	-0.754	-2.629	5.298	
5.977	-4.857	-7.828	-0.313	13.508	13.331	5.790	0.870	-1.621	-1.690	5.602	-1.140	6.494	-2.976	-11.711	12.782	
8.367	15.354	5.169	-16.782	-4.274	14.701	-3.885	-3.795	-0.789	13.864	-15.048	-11.498	-3.199	5.174	6.753	-3.482	
4.091	4.733	7.441	0.108	-3.021	0.666	-2.651	-6.085	14.570	3.358	2.561	8.884	5.758	8.313	1.844	14.332	
-8.295	-4.738	2.280	-6.852	4.331	-14.804	7.752	3.676	5.193	-9.309	-4.474	14.346	-13.344	-1.152	-4.147	5.818	
-0.604	3.677	-5.496	-23.189	-8.476	9.414	-8.809	4.170	
0.572	15.461	-0.517	9.962	-13.220	20.814	-15.229	-8.129	
8.868	-5.258	-16.808	6.353	4.849	-4.571	-2.003	-9.846	
4.662	-15.401	9.346	-5.090	6.501	-7.028	3.800	3.308	
8.247	-14.716	-5.185	-4.578	9.170	-8.965	6.418	-8.707	
7.231	15.595	-2.156	-0.610	4.551	
-7.121	-0.341	5.314	-1.394	-9.588	
-5.331	-5.714	14.816	-4.272	-4.672	
