3
16 8 5 3 
4.670	3.252	-8.168	1.490	3.832	-2.493	-2.666	-4.094	-4.758	0.928	-0.532	2.334	-2.025	-0.104	2.031	-0.123	
0.198	-1.023	-1.151	5.142	-4.570	-9.121	0.412	-5.007	-1.234	0.539	1.657	0.091	3.983	-0.414	5.324	-6.096	
-1.266	6.046	-2.279	-0.773	1.474	-1.892	-5.412	1.203	5.805	0.693	3.681	0.432	-0.071	1.551	0.747	-4.094	
2.928	-3.759	-2.382	-2.529	-0.755	5.466	-0.312	1.563	-3.101	-6.094	0.652	-1.207	-7.118	1.124	0.557	-1.316	
2.113	-3.138	-2.188	-3.790	-0.245	-3.780	0.918	1.854	4.633	0.681	-2.543	-1.151	8.618	-2.503	-2.905	0.059	
-1.678	1.243	9.815	-2.574	3.460	5.179	4.819	-2.365	-1.665	2.847	-1.606	-2.308	-4.053	0.365	2.502	-8.659	
1.867	-3.362	-1.199	4.556	-1.893	0.387	3.042	-2.280	3.887	-0.436	5.480	0.844	-0.812	-0.941	-2.071	1.647	
-1.818	0.895	0.611	-4.105	-0.070	-2.603	5.722	0.830	2.510	0.161	2.318	-0.511	-3.035	-0.850	-1.743	-0.067	
0.016	-7.606	0.702	-11.046	0.683	10.038	-1.200	-2.029	
-0.786	5.240	-0.156	0.955	0.246	6.307	-5.691	0.653	
5.590	-7.174	-1.743	5.367	1.934	-3.359	2.773	3.139	
-0.656	-6.204	4.748	-0.705	-8.040	3.023	-7.088	0.583	
4.033	-3.835	5.378	7.047	-1.803	-4.172	1.363	-1.816	
1.677	5.335	-0.545	1.096	0.083	
-3.835	-1.271	-2.469	-2.601	-2.407	
2.142	-0.622	10.760	1.693	5.916	
