3
16 8 5 3 
-4.893	11.674	-3.960	-1.527	-6.316	-3.095	8.868	-3.160	-6.669	10.262	-2.946	0.338	-4.867	1.693	-13.654	6.982	
-6.513	-9.806	9.950	10.600	-1.282	-1.002	-9.529	3.656	0.357	0.516	-5.065	-4.822	4.939	0.089	13.282	-9.194	
-7.241	-11.321	0.503	1.051	9.846	-6.082	-6.008	6.858	-9.149	-5.379	-0.013	14.686	4.225	3.220	0.498	0.155	
-2.904	-24.645	5.085	-1.468	-11.832	7.364	1.477	5.794	-7.166	2.969	-3.340	-1.744	1.225	0.113	-2.430	5.869	
2.366	-7.570	-6.290	-1.058	12.884	12.380	4.174	-3.678	-1.821	-1.451	4.919	1.797	5.786	-3.094	-10.395	13.927	
9.972	13.986	5.123	-16.725	-5.404	15.198	-5.477	-2.391	-0.806	13.769	-16.747	-10.353	-1.174	4.813	7.075	-5.991	
2.909	4.052	8.133	-0.520	-0.866	0.136	-1.230	-1.563	13.293	7.851	2.207	7.963	4.716	9.183	5.663	16.045	
-11.341	-8.248	1.898	-6.996	4.261	-12.977	7.339	3.483	4.604	-11.594	-1.973	10.070	-11.688	-3.028	-4.494	5.828	
0.273	1.639	-5.496	-22.047	-8.472	8.398	-7.346	4.558	
0.442	14.672	0.606	9.223	-17.545	23.458	-15.768	-5.124	
9.809	-8.262	-17.154	4.026	2.100	-6.583	-3.577	-11.470	
5.716	-15.170	7.868	-6.317	6.621	-4.847	0.984	3.162	
7.190	-16.075	-4.849	-3.947	13.372	-9.316	8.347	-8.213	
10.338	13.248	-4.837	-2.471	0.924	
-7.010	1.128	5.299	-1.778	-9.339	
-4.986	-6.562	10.687	-6.056	-5.430	
