3
16 8 5 3 
-4.247	12.111	-4.065	-1.668	-6.698	-4.103	7.873	-0.956	-3.347	8.429	-2.431	-0.794	-3.759	2.113	-14.242	8.137	
-3.227	-10.436	7.427	9.336	-2.352	-1.149	-9.113	3.621	0.485	1.461	-4.026	-4.086	7.247	0.023	16.898	-11.383	
-5.074	-13.074	-2.091	0.642	8.915	-7.206	-1.607	7.333	-7.500	-5.379	-1.762	15.297	4.225	0.486	2.740	2.491	
-3.200	-25.669	6.598	-0.629	-10.108	9.769	2.454	5.970	-7.297	3.222	-4.306	-1.452	2.314	1.577	-3.128	6.078	
0.544	-4.857	-7.761	0.391	10.904	11.870	5.980	-4.035	-0.092	-1.639	4.310	-0.899	5.471	-3.347	-10.221	15.453	
10.521	13.602	5.394	-13.129	-6.475	14.904	-4.522	-3.881	3.316	14.126	-16.320	-11.112	-1.628	5.342	7.689	-4.603	
2.503	4.891	10.643	-0.222	-2.137	-0.817	-2.784	-4.427	14.576	4.624	2.333	8.059	4.459	10.202	0.668	17.588	
-9.121	-6.015	3.462	-6.834	3.154	-11.396	10.121	1.627	7.371	-11.768	-1.973	14.408	-11.621	-1.060	-4.147	4.656	
-0.786	2.722	-6.760	-20.242	-8.675	9.339	-5.945	4.497	
0.296	17.546	-4.130	10.033	-15.705	22.477	-15.229	-4.716	
10.491	-4.803	-18.638	2.987	8.395	-3.571	-3.297	-10.281	
3.927	-13.445	7.335	-4.993	5.557	-4.091	0.875	2.119	
6.897	-16.075	-3.988	-6.329	11.351	-9.333	7.400	-8.360	
10.960	15.595	-3.633	-1.854	-0.509	
-7.010	1.128	6.295	-1.778	-9.844	
-4.742	-6.253	8.305	-5.606	-0.935	
