3
16 8 5 3 
4.290	3.866	-8.168	-0.281	1.531	-2.458	-2.233	-3.472	-4.792	0.928	0.897	3.558	-4.440	-0.462	1.238	-0.596	
-2.295	-0.524	1.904	7.255	-3.742	-8.103	-0.204	-3.475	-1.094	0.539	1.900	-1.444	2.550	-1.781	6.398	-6.516	
-2.584	1.247	-2.279	-0.862	1.827	-1.489	-4.460	5.983	5.171	2.095	3.681	2.346	-2.814	0.497	-0.692	-3.714	
1.925	-4.691	0.708	-0.008	0.781	3.567	0.518	0.162	-2.089	-7.352	0.864	-0.872	-5.104	0.499	0.627	-0.394	
2.659	-3.901	-0.226	-3.760	-1.438	-2.754	0.918	1.812	4.633	-0.219	-1.979	-1.151	8.909	-2.481	-2.191	-1.405	
-2.047	1.243	9.040	-5.975	-3.359	4.014	4.814	-4.804	-1.767	1.608	-0.514	-2.480	-3.685	0.365	2.204	-7.147	
-0.732	-1.846	-1.836	4.251	-2.256	-0.421	3.615	-2.828	3.081	2.263	4.630	0.540	-0.538	-0.280	-1.801	2.514	
-3.056	0.633	-0.842	-4.384	2.735	-3.388	5.722	0.855	3.909	-0.820	2.680	-2.814	-2.485	0.583	-2.074	0.456	
1.348	-4.475	-2.028	-10.732	0.683	9.457	-3.519	-2.827	
-0.786	6.842	-0.156	2.310	0.719	6.027	-6.465	1.488	
4.669	-7.174	-1.470	5.367	1.140	-5.505	3.065	0.848	
0.565	-6.204	3.391	-0.152	-5.507	5.423	-7.974	0.475	
4.969	-3.835	5.378	6.752	-0.215	-3.054	1.754	-2.078	
-1.183	6.099	-0.545	-2.728	1.003	
-4.492	-3.408	-2.209	-4.368	-1.796	
4.588	-0.622	11.627	1.327	6.704	
