3
16 8 5 3 
-4.653	11.316	-3.486	-1.772	-6.316	-1.743	9.844	-0.121	-5.571	9.421	-0.734	-1.276	-3.804	1.547	-12.231	6.982	
-4.005	-11.523	6.974	9.622	-0.388	-3.682	-12.307	5.672	0.553	-2.029	-3.731	-0.808	6.728	-0.238	19.160	-11.539	
-3.719	-10.705	-2.265	2.536	9.653	-7.044	-5.494	8.403	-8.506	-4.632	0.520	14.380	2.460	0.807	1.786	2.324	
-3.331	-22.453	7.869	-1.503	-9.351	7.330	1.549	6.163	-6.638	2.541	-4.999	-3.067	5.877	-0.508	-3.921	5.894	
6.510	-4.857	-7.761	0.217	11.659	13.354	4.922	-2.269	-0.283	-2.934	4.727	-1.743	5.075	-3.285	-10.395	14.837	
9.593	12.713	5.346	-16.782	-4.407	14.731	-4.044	-3.795	-1.234	13.864	-12.748	-11.498	-0.922	5.009	8.251	-3.214	
3.827	6.655	6.765	-0.498	-4.942	-0.529	-2.732	-2.252	13.903	5.294	2.561	8.059	5.787	9.531	3.316	18.279	
-9.121	-6.015	3.043	-8.330	5.497	-11.893	7.812	3.121	3.631	-11.210	-1.602	14.408	-12.330	-0.388	-4.147	5.818	
0.650	3.677	-5.496	-21.657	-9.346	9.414	-7.693	3.977	
0.035	16.454	-1.570	8.117	-13.980	19.116	-15.871	-6.760	
8.627	-7.510	-16.808	5.235	6.146	-4.278	-0.958	-8.490	
4.556	-16.629	6.711	-4.979	5.532	-2.122	0.025	2.334	
8.247	-16.075	-4.192	-6.134	11.666	-10.219	4.847	-8.357	
8.342	15.369	-3.633	-1.576	0.924	
-7.010	2.789	5.314	-1.778	-9.339	
-4.309	-5.471	11.896	-2.800	-4.730	
