3
16 8 5 3 
-4.893	11.674	-3.960	-0.332	-6.316	-3.095	9.640	-3.864	-6.669	10.262	-1.850	-0.218	-2.602	1.693	-13.654	7.756	
-6.513	-9.786	8.110	10.754	-0.305	-1.658	-10.300	3.656	-1.690	0.516	-5.065	-4.692	4.939	-0.563	13.466	-9.194	
-6.471	-11.420	-2.907	1.051	9.426	-6.839	-6.008	6.858	-9.149	-5.379	-0.013	14.686	4.225	3.220	0.580	-0.169	
-2.904	-24.645	4.499	-1.468	-11.832	7.364	1.748	5.794	-7.297	3.655	-3.663	-3.393	1.225	-0.310	-1.403	5.869	
3.194	-4.894	-5.518	-1.058	12.884	12.380	4.174	-3.862	-1.821	-1.451	5.840	-0.037	6.172	-3.749	-10.395	13.927	
9.972	13.629	4.178	-16.725	-5.560	14.734	-4.941	-2.391	-0.806	14.990	-15.677	-10.172	-1.174	5.300	6.240	-5.060	
3.050	4.511	8.133	-0.520	-1.503	0.136	-1.577	-4.427	13.293	7.851	1.157	8.900	4.716	9.272	6.532	16.677	
-9.600	-8.248	3.043	-7.972	4.261	-12.977	8.704	4.171	5.363	-10.429	-1.005	11.392	-11.688	-2.435	-4.494	5.828	
-0.264	2.608	-5.496	-22.047	-8.472	8.833	-7.693	3.983	
-0.050	14.672	0.213	9.223	-17.545	23.458	-15.329	-5.738	
9.591	-8.439	-17.974	5.241	3.081	-5.051	-3.577	-11.470	
5.716	-15.170	6.951	-5.837	7.931	-4.847	0.984	3.162	
7.190	-17.775	-4.849	-5.136	14.989	-9.774	8.347	-5.499	
8.440	14.044	-2.093	-2.945	-1.263	
-7.671	1.128	5.299	-1.778	-12.352	
-4.986	-5.778	11.660	-6.056	-4.143	
