3
16 8 5 3 
-3.790	11.674	-3.960	-1.527	-6.316	-3.095	8.868	-3.864	-6.669	10.262	-1.850	-0.218	-4.690	1.693	-13.654	7.143	
-6.916	-9.806	8.110	10.600	-1.282	-1.002	-9.860	2.627	0.357	0.516	-5.065	-4.822	4.939	0.089	13.282	-9.194	
-8.601	-11.321	-0.683	1.051	9.846	-6.864	-6.008	6.858	-9.149	-5.325	-0.013	14.686	4.225	3.220	0.498	0.155	
-2.904	-24.645	5.983	-1.106	-11.832	7.662	1.748	5.083	-7.297	2.969	-3.340	-1.744	1.406	0.113	-2.430	5.869	
3.194	-6.844	-5.828	-1.058	12.884	12.320	3.507	-3.678	-1.821	-1.160	4.919	1.797	7.552	-3.094	-11.538	13.677	
9.972	13.629	4.178	-16.725	-5.404	15.198	-4.680	-2.391	-0.806	13.769	-15.677	-10.996	-1.174	7.285	6.240	-7.547	
2.438	4.511	8.133	-0.520	-1.521	0.136	-0.588	-1.679	12.336	6.938	2.584	7.710	3.314	9.183	7.978	17.596	
-9.121	-7.630	1.898	-7.255	4.026	-12.977	8.704	3.483	5.363	-9.526	-1.973	10.166	-11.688	-3.028	-4.494	5.828	
0.273	2.608	-6.745	-22.047	-7.614	8.509	-7.693	4.558	
0.485	14.672	0.606	8.865	-17.974	23.458	-15.135	-5.124	
9.809	-8.262	-17.974	4.026	1.950	-6.583	-3.577	-11.470	
5.716	-15.170	7.868	-6.317	7.116	-4.847	1.875	3.162	
8.879	-16.075	-4.849	-7.141	13.372	-8.366	8.347	-8.213	
7.734	13.248	-4.837	-2.471	0.385	
-7.010	1.128	5.299	-2.223	-9.339	
-4.986	-5.778	12.476	-6.056	-5.634	
