3
16 8 5 3 
-2.456	9.522	-5.600	-4.052	-6.316	-3.806	7.418	-0.839	-6.276	8.708	-1.468	-1.276	-4.277	1.580	-14.526	6.982	
0.577	-11.834	6.509	9.403	-0.502	-3.910	-12.700	4.050	-0.790	-2.065	-6.443	-1.495	7.804	-0.971	15.185	-10.090	
-8.111	-12.641	-1.228	2.536	9.653	-7.810	-6.617	7.333	-7.204	-5.379	0.520	14.380	1.904	1.837	3.461	2.324	
-3.097	-25.802	6.857	-1.119	-10.108	7.512	2.816	6.163	-7.297	1.957	-3.808	-0.601	2.314	-0.754	-2.975	5.298	
5.977	-5.121	-7.828	-0.313	13.508	12.636	5.790	0.870	-1.621	-1.690	5.602	-0.949	7.177	-3.353	-10.395	12.782	
8.367	15.354	5.169	-16.782	-4.274	14.128	-3.885	-3.795	-0.789	13.864	-15.048	-11.498	-1.561	5.174	6.753	-3.482	
4.091	4.733	7.982	0.108	-3.021	0.666	-3.523	-4.218	14.570	5.294	2.561	8.884	5.758	8.313	1.844	14.332	
-8.295	-5.195	2.280	-6.852	4.331	-14.804	7.488	3.676	5.193	-9.309	-4.474	14.346	-13.441	-1.558	-4.147	5.818	
0.403	2.999	-6.473	-23.189	-8.476	10.234	-8.052	4.170	
0.572	16.457	-0.517	9.962	-14.091	20.814	-15.229	-8.129	
8.352	-3.224	-15.511	6.353	4.849	-4.571	-2.003	-9.846	
4.662	-14.295	10.206	-5.090	6.501	-7.028	0.984	3.532	
8.247	-14.716	-5.185	-4.578	9.170	-9.405	6.418	-8.707	
8.350	16.813	-2.156	0.336	4.551	
-7.121	1.128	5.314	-1.394	-9.588	
-5.331	-5.714	14.816	-5.846	-3.475	
