3
16 8 5 3 
-0.190	0.135	-0.079	-1.198	-0.226	-0.018	-0.021	-0.174	0.006	-0.111	0.113	0.665	-0.657	-0.143	0.110	-0.227	
-0.063	0.192	0.172	-0.137	0.169	0.205	0.605	-0.248	0.146	-0.129	0.117	-0.247	0.236	-0.037	-0.046	0.082	
0.246	0.010	0.046	-0.023	0.174	0.151	-0.022	0.114	-0.007	-0.064	-0.040	-0.060	-0.210	-0.013	0.093	0.200	
0.181	1.524	-0.813	3.034	0.227	-0.139	-0.151	-0.041	0.104	0.183	-0.040	0.124	-0.033	-0.175	-0.047	0.132	
-0.105	-0.074	0.143	-0.076	-0.118	-0.086	0.073	0.201	0.223	-0.218	0.034	-0.080	0.093	0.185	0.947	1.490	
-0.075	0.116	0.196	-0.183	0.057	0.038	0.017	-0.051	-0.202	-0.197	0.144	-0.134	-0.109	-0.033	0.249	0.178	
-1.341	0.215	0.247	-0.079	0.092	0.053	-0.176	0.086	0.136	0.186	0.041	0.441	-0.071	0.090	-0.246	-0.192	
-0.173	0.199	-0.048	-0.053	-0.105	-0.092	0.002	-0.158	-0.062	0.125	0.052	0.058	-0.235	0.264	0.118	0.151	
-0.220	0.036	0.223	-0.155	-0.152	0.077	0.001	0.034	
-0.034	0.127	0.209	-0.268	0.042	-0.145	-0.028	-1.258	
0.184	-0.064	-0.023	0.149	0.095	-0.134	0.012	0.327	
0.207	-0.343	0.090	0.168	0.311	0.037	-0.849	-0.250	
-0.329	-0.151	0.203	-0.281	-0.268	0.188	0.328	0.150	
0.550	-0.153	0.365	0.140	-0.132	
-0.372	-0.195	-0.386	0.352	0.032	
0.447	0.917	-0.275	0.103	-0.169	
