3
16 8 5 3 
-4.065	11.316	-2.812	-1.676	-5.412	-0.485	10.475	-1.816	-3.447	8.712	-1.408	-2.392	-3.804	1.547	-13.668	8.638	
-3.227	-10.959	8.340	9.622	0.601	-4.815	-10.635	5.187	3.240	-3.110	-2.498	-1.342	6.728	-1.549	14.745	-9.525	
-6.471	-10.705	-1.795	3.418	9.653	-7.028	-6.911	10.296	-8.506	-6.247	0.853	14.380	4.225	1.837	2.358	3.574	
-2.459	-24.345	8.501	-1.119	-8.939	7.330	0.952	5.532	-7.091	3.981	-3.403	-2.956	3.744	0.024	-4.239	3.605	
6.098	-5.867	-7.810	-0.692	11.659	12.475	5.589	-2.269	-0.957	-4.244	4.727	-0.388	7.830	-3.285	-10.129	14.415	
10.991	12.458	5.882	-15.311	-4.733	14.731	-2.976	-3.795	-0.652	14.109	-12.748	-11.293	-0.922	5.009	6.827	-5.162	
3.588	5.089	10.877	0.108	-5.809	-0.529	-2.887	-4.427	14.053	5.294	3.298	8.641	6.616	8.853	0.745	18.715	
-9.121	-6.015	2.607	-7.320	3.930	-11.893	6.913	3.327	5.061	-10.500	-3.867	14.266	-13.538	-1.152	-4.147	5.818	
-1.990	3.677	-4.677	-21.657	-7.857	8.764	-7.828	3.977	
0.418	15.682	0.270	8.722	-16.517	19.369	-16.116	-6.532	
9.043	-6.724	-16.762	6.926	6.146	-5.171	-3.974	-8.490	
5.717	-14.817	5.116	-6.744	5.693	-2.872	0.458	2.015	
8.612	-15.452	-4.928	-6.134	13.451	-9.546	3.840	-8.357	
9.171	15.762	-3.633	-1.612	-0.569	
-7.562	1.204	5.314	-1.778	-9.339	
-4.879	-4.738	11.896	-6.211	-3.475	
