3
16 8 5 3 
-5.705	9.701	-4.047	-1.756	-6.092	-4.860	8.579	-1.657	-5.571	8.294	-1.468	-1.276	-3.949	2.576	-13.114	7.314	
-3.227	-10.959	8.017	9.563	-1.136	-3.085	-12.198	4.555	-0.684	0.205	-3.731	-2.692	6.728	0.037	16.167	-10.090	
-6.471	-10.719	-2.749	3.437	9.653	-8.731	-4.039	7.333	-8.392	-4.956	0.520	14.380	3.737	1.837	1.883	4.153	
-3.387	-24.666	9.468	-2.697	-9.705	7.440	2.816	6.163	-7.297	3.587	-5.449	-1.373	4.469	1.818	-3.721	3.934	
5.448	-4.857	-7.504	-2.750	11.659	11.850	4.684	-1.811	-1.187	-1.690	6.144	0.701	8.009	-3.285	-10.395	12.553	
10.037	13.037	4.654	-17.047	-4.274	14.731	-3.885	-2.649	0.189	13.336	-14.271	-11.498	-1.655	5.174	6.343	-3.554	
3.430	4.733	9.840	0.108	-3.021	0.006	-2.651	-4.132	14.570	5.294	2.561	8.059	5.701	7.392	2.598	16.398	
-9.467	-6.688	3.827	-6.852	4.331	-11.063	6.277	4.787	3.773	-10.350	-1.973	14.386	-12.224	-1.152	-4.147	5.818	
-0.548	4.183	-5.496	-25.584	-9.311	10.643	-7.693	5.116	
0.529	16.454	-0.517	9.673	-17.172	20.814	-13.906	-5.770	
10.291	-5.809	-16.808	5.913	4.482	-4.577	-1.543	-9.846	
4.662	-14.341	6.662	-4.725	7.977	-4.946	0.984	3.308	
8.247	-14.763	-5.502	-6.666	10.008	-11.014	6.418	-8.357	
9.020	16.793	-2.156	-0.013	4.551	
-7.121	0.536	6.677	-1.394	-9.743	
-3.615	-6.211	13.660	-6.963	-3.475	
