3
16 8 5 3 
-4.247	9.949	-2.922	-2.173	-5.209	-0.755	7.555	1.103	-6.516	8.317	-1.408	1.064	-4.277	1.547	-13.278	9.584	
-3.227	-11.809	5.111	9.310	1.917	-3.989	-10.165	5.672	1.229	0.205	-4.861	-3.872	6.728	0.237	14.742	-8.754	
-6.471	-10.731	-0.298	2.536	9.653	-7.028	-4.561	7.018	-10.969	-4.355	0.520	14.490	4.467	1.302	1.867	0.675	
-2.862	-23.659	8.118	-0.326	-10.108	7.515	1.851	4.515	-9.110	4.928	-3.181	-1.770	4.121	-0.360	-3.724	3.229	
4.702	-6.794	-7.761	1.655	10.872	13.413	3.761	-3.229	-0.448	-2.934	4.727	-0.388	4.881	-5.322	-8.910	13.901	
11.325	12.296	5.394	-13.087	-4.274	18.505	-0.886	-3.795	0.172	13.864	-14.271	-10.821	-0.922	4.924	7.837	-3.554	
3.588	5.628	10.182	0.108	-6.109	-0.038	-3.475	-4.427	14.757	5.294	6.138	8.059	5.295	10.318	-0.053	18.279	
-6.783	-5.978	3.117	-6.001	2.650	-11.332	7.514	3.081	2.822	-9.092	-1.973	14.408	-12.330	-1.152	-3.925	6.173	
-3.379	3.677	-5.409	-22.187	-7.398	9.348	-7.154	3.977	
1.166	16.454	-1.512	8.722	-15.478	19.961	-14.994	-6.718	
8.341	-4.725	-18.839	2.920	6.146	-4.577	-3.577	-10.075	
5.956	-14.175	6.662	-5.760	6.138	-3.196	-3.057	2.166	
11.761	-15.273	-4.925	-6.134	12.093	-10.545	6.418	-9.227	
8.914	16.458	-3.633	0.165	-0.849	
-5.552	1.128	6.037	-0.271	-9.460	
-4.937	-4.072	11.575	-6.033	-3.705	
