3
16 8 5 3 
-4.315	12.111	-4.120	-1.668	-6.316	-5.123	9.249	-0.956	-2.093	8.429	-2.431	0.907	-2.287	2.113	-14.502	8.137	
-3.227	-11.858	7.686	9.336	-1.225	-1.149	-9.846	3.656	0.553	0.980	-2.368	-4.086	6.924	0.023	16.314	-10.142	
-5.371	-12.151	-2.091	0.706	9.653	-7.206	-3.314	7.333	-7.500	-5.379	-1.762	17.515	5.834	2.171	2.740	2.491	
-4.025	-25.669	7.267	-2.754	-10.108	7.330	2.454	5.970	-7.342	3.109	-4.306	-1.264	2.314	1.577	-3.346	6.078	
0.544	-4.857	-7.761	0.391	10.904	11.870	5.705	-4.035	-1.621	-1.639	4.310	-1.424	5.471	-3.347	-10.221	16.845	
9.982	12.713	5.394	-14.610	-6.475	14.904	-4.522	-3.795	0.270	14.126	-16.320	-10.641	-1.068	5.174	7.689	-4.603	
3.601	4.846	8.833	-0.222	-2.137	-0.691	-2.651	-4.427	15.033	4.624	2.755	8.180	4.438	10.202	0.668	17.588	
-9.121	-6.015	3.906	-6.737	3.154	-11.396	10.121	2.040	6.125	-11.768	-1.973	14.408	-11.889	-1.060	-4.147	6.833	
-0.786	2.249	-4.605	-21.877	-8.967	9.299	-7.272	4.497	
0.296	21.398	-4.130	10.033	-15.705	21.735	-15.229	-5.544	
11.124	-4.803	-18.638	2.987	7.453	-1.856	-3.297	-10.580	
2.685	-14.529	7.335	-6.808	5.557	-4.946	1.200	2.119	
8.164	-16.075	-4.650	-6.329	11.351	-9.333	7.400	-8.520	
9.643	15.595	-3.633	-1.854	-0.321	
-7.010	1.128	4.708	-1.778	-9.339	
-4.742	-6.253	8.305	-6.837	-0.336	
