3
16 8 5 3 
-5.180	11.316	-3.601	-1.831	-8.563	-0.485	8.758	0.759	-5.516	8.708	-1.588	-1.276	-3.804	1.547	-13.654	8.638	
-3.227	-10.959	6.960	9.019	-0.241	-3.190	-10.515	5.577	0.553	-2.977	-3.869	-1.729	6.328	0.030	17.906	-12.212	
-6.471	-10.705	-2.076	2.536	7.900	-7.702	-4.829	10.296	-7.862	-3.857	0.274	14.380	4.225	3.465	1.883	3.574	
-2.327	-24.345	7.316	-1.119	-10.714	6.505	0.952	6.163	-7.297	3.981	-2.846	-2.956	3.744	0.684	-4.239	4.877	
5.977	-4.804	-7.412	-2.447	11.659	12.680	4.248	-2.269	-1.202	-3.143	4.727	-1.316	7.045	-3.285	-10.395	14.415	
10.991	12.458	6.113	-14.761	-4.274	14.731	-2.976	-2.714	-1.026	15.011	-12.748	-11.202	-0.275	4.819	9.000	-4.790	
2.798	4.891	8.704	0.108	-4.480	0.301	-2.732	-4.427	14.053	5.294	3.981	9.900	6.759	7.588	1.679	19.614	
-9.121	-5.535	3.043	-5.219	3.930	-11.893	10.083	3.327	3.681	-10.500	-1.973	13.990	-13.254	-1.152	-4.147	5.578	
-0.547	3.677	-6.355	-20.901	-8.391	9.414	-7.693	3.977	
0.418	16.199	-1.512	8.722	-16.504	20.140	-17.287	-5.576	
8.627	-6.724	-14.617	5.450	6.805	-4.608	-3.577	-8.490	
4.556	-14.497	7.511	-6.744	6.501	-2.872	-0.014	0.751	
8.247	-15.419	-4.719	-7.021	11.427	-10.219	4.847	-7.595	
9.405	14.933	-2.291	-1.612	1.142	
-7.010	1.071	5.314	-1.778	-9.339	
-6.721	-5.471	12.835	-5.628	-2.893	
