3
16 8 5 3 
-4.212	13.472	-4.130	-2.560	-7.192	-5.123	7.873	-0.956	-3.347	8.429	-2.431	-1.589	-3.652	2.113	-14.502	6.204	
-3.227	-11.235	6.960	9.336	-2.352	-1.470	-9.113	3.656	0.553	1.793	-4.026	-3.127	6.498	0.023	15.672	-10.142	
-5.074	-12.050	-1.795	0.503	9.460	-6.849	-3.314	7.333	-7.500	-5.379	-1.762	15.297	4.225	1.771	2.740	2.491	
-3.200	-25.669	6.598	-1.075	-8.375	7.330	2.454	6.152	-7.297	1.814	-3.590	-1.452	2.314	1.577	-2.527	6.932	
0.736	-4.532	-7.689	0.391	10.848	12.387	6.677	-2.972	-3.242	0.594	4.310	-0.073	5.471	-1.463	-9.801	15.453	
10.135	13.135	6.056	-15.649	-6.668	14.904	-3.885	-3.795	0.270	14.126	-16.915	-11.112	-1.628	5.155	7.040	-4.594	
2.503	5.686	10.019	0.108	-2.137	-3.717	-2.651	-4.427	14.576	4.624	3.731	8.059	3.925	10.202	1.793	18.667	
-8.196	-6.015	2.206	-6.737	2.540	-8.264	9.531	1.783	7.405	-12.706	-0.950	14.408	-10.859	-3.267	-3.595	7.458	
-0.786	4.015	-6.760	-21.877	-8.083	8.837	-7.272	4.905	
1.788	17.025	-4.667	10.321	-14.690	22.592	-14.002	-6.452	
10.066	-4.803	-18.638	2.745	5.706	-3.571	-3.774	-10.281	
0.306	-13.445	7.335	-6.317	5.557	-4.946	1.437	2.119	
8.164	-18.794	-3.988	-8.094	11.351	-10.518	7.400	-8.520	
9.020	14.632	-3.633	-1.854	-0.509	
-7.010	1.128	5.314	-1.778	-9.339	
-6.955	-6.253	8.305	-5.026	-0.935	
