3
16 8 5 3 
-4.247	11.316	-2.922	-2.173	-5.181	-1.022	7.555	-0.050	-6.516	8.708	-1.408	-1.569	-4.277	3.926	-13.278	10.011	
-3.227	-10.959	6.492	10.035	2.235	-4.207	-11.125	5.670	1.229	0.205	-4.861	-3.872	6.728	0.237	14.742	-9.525	
-6.471	-11.187	-0.827	2.553	9.653	-7.028	-4.554	9.041	-10.969	-4.355	1.048	13.907	4.499	1.575	1.470	0.675	
-3.949	-24.345	7.124	-1.119	-10.108	9.126	0.889	4.515	-7.297	4.928	-3.181	-3.128	4.973	1.331	-3.007	3.229	
4.941	-4.857	-7.761	-0.876	11.659	13.413	3.761	-3.229	-0.448	-2.333	4.727	-0.388	7.045	-5.322	-10.282	14.888	
11.325	12.296	5.394	-15.428	-4.274	16.956	-1.733	-2.402	0.172	13.864	-14.271	-10.075	-0.922	4.925	7.837	-3.554	
3.588	5.103	8.704	0.108	-2.646	-0.038	-3.475	-4.427	14.396	5.042	6.138	9.590	5.295	10.239	-0.053	18.279	
-10.143	-6.015	2.735	-6.104	3.787	-11.893	7.038	3.269	3.378	-10.500	-1.973	14.408	-12.330	-1.152	-3.606	5.818	
-0.552	3.677	-7.087	-21.657	-7.398	9.414	-7.693	3.027	
0.418	16.454	-2.488	7.746	-15.604	19.961	-15.286	-6.718	
6.513	-4.635	-17.029	3.802	6.146	-4.577	-3.577	-9.614	
5.600	-14.497	9.361	-5.760	6.138	-3.196	-3.057	2.334	
10.607	-13.703	-4.925	-6.134	11.351	-10.791	6.418	-9.227	
8.914	15.595	-3.633	0.165	-0.849	
-5.552	1.265	5.314	-0.271	-9.339	
-5.350	-5.471	11.575	-6.109	-3.475	
