3
16 8 5 3 
-4.893	11.674	-2.922	-2.256	-6.316	-4.243	7.555	-1.926	-6.463	9.499	-2.015	-0.218	-4.819	0.027	-13.654	7.327	
-5.781	-9.908	9.155	10.600	-0.502	-1.749	-10.300	4.540	-1.331	0.543	-6.647	-4.822	5.856	0.089	13.466	-9.194	
-6.976	-11.321	-1.795	1.051	8.649	-5.462	-6.008	6.858	-9.149	-5.379	-0.331	14.686	4.325	3.220	0.580	0.155	
-2.863	-24.645	3.752	-1.468	-11.918	7.364	1.181	5.794	-7.297	5.457	-4.917	-2.817	1.225	0.113	-2.430	6.575	
3.194	-5.712	-7.726	-2.077	12.884	12.380	4.174	-3.155	-1.961	-1.451	3.741	0.181	6.527	-1.910	-8.527	13.194	
9.972	13.790	4.178	-18.116	-5.404	14.574	-6.791	-2.391	0.141	14.143	-13.335	-10.172	-0.867	4.833	4.180	-5.060	
2.909	4.511	8.133	-2.161	-0.818	0.006	-1.577	-5.665	13.293	7.836	1.469	7.710	4.716	8.695	3.663	16.677	
-9.121	-9.626	3.373	-7.972	4.555	-14.152	9.320	3.327	5.363	-9.795	-1.392	11.392	-11.102	-2.933	-1.900	4.831	
0.445	2.608	-5.496	-21.612	-7.475	8.587	-6.886	3.983	
1.635	13.187	0.213	9.223	-18.911	23.458	-15.135	-5.738	
9.809	-8.262	-18.453	5.822	3.087	-5.051	-3.577	-11.470	
5.716	-16.773	8.789	-6.626	7.116	-5.659	0.843	3.072	
8.289	-16.075	-4.849	-5.136	13.945	-9.316	7.443	-8.213	
8.440	13.248	-5.867	-1.099	0.407	
-7.010	1.128	5.299	-1.890	-8.215	
-2.791	-6.169	10.521	-6.056	-6.391	
