3
16 8 5 3 
-4.247	10.229	-2.922	-2.975	-4.633	-1.700	7.555	-1.532	-6.516	8.708	-0.767	0.734	-4.277	1.547	-13.278	8.684	
-3.227	-9.230	6.960	10.035	-0.218	-3.326	-7.937	7.416	1.229	0.205	-4.029	-3.872	6.728	0.237	14.574	-9.525	
-6.471	-11.187	-1.319	3.859	8.589	-6.002	-4.022	6.979	-8.506	-3.553	0.806	13.937	4.361	1.575	1.470	0.675	
-4.010	-25.077	7.124	0.268	-10.108	7.515	1.549	4.515	-7.297	5.901	-3.181	-0.902	4.121	0.612	-4.646	4.370	
6.621	-3.806	-8.383	-0.482	11.659	13.339	3.761	-1.811	-0.448	-3.010	4.929	0.021	6.396	-6.247	-10.819	14.552	
12.305	11.109	5.394	-15.797	-4.274	16.999	-2.439	-3.260	-0.540	14.700	-14.271	-8.892	-0.922	5.265	7.837	-2.342	
3.588	5.679	8.704	-0.432	-2.646	-0.577	-1.649	-4.427	13.571	7.507	4.643	10.078	5.706	10.432	1.861	18.279	
-9.533	-6.886	2.470	-6.104	4.657	-11.893	7.514	2.978	1.982	-9.618	-2.399	15.302	-11.369	-2.313	-3.971	5.818	
-0.548	3.677	-6.340	-20.461	-7.398	9.414	-6.533	3.647	
0.040	16.454	-3.049	8.722	-15.604	19.961	-13.559	-6.587	
9.424	-4.854	-16.808	3.802	6.146	-3.925	-3.577	-9.614	
5.156	-16.097	5.292	-5.426	6.138	-2.982	-4.119	2.334	
10.297	-15.330	-4.580	-6.520	11.801	-10.219	6.418	-8.881	
9.513	16.052	-2.694	-0.780	-0.849	
-5.552	1.128	5.314	-0.271	-8.349	
-3.904	-7.110	11.896	-5.780	-3.475	
