3
16 8 5 3 
0.831	-0.030	-0.097	0.031	-2.370	0.335	0.226	0.005	0.123	0.112	-1.239	1.426	-0.143	-3.947	0.056	-0.126	
-0.172	0.090	0.113	0.056	-1.172	-0.599	1.687	0.048	-0.196	0.059	-0.091	1.315	-0.199	-0.614	2.035	0.309	
0.077	-1.685	-0.112	0.081	0.898	0.132	1.217	0.205	0.140	-0.202	-0.190	-0.153	0.744	0.731	-2.537	0.311	
-0.690	-1.107	-0.030	0.611	0.469	1.555	-0.183	0.204	-0.525	-1.139	0.220	0.660	-0.147	-0.174	0.094	0.368	
-0.415	0.015	1.214	0.658	-1.400	0.185	-0.200	0.141	-0.105	-2.670	0.282	-0.679	-0.437	0.186	-0.090	1.709	
0.588	-0.786	-0.585	0.074	1.466	-0.443	1.892	0.955	-0.247	0.107	-1.232	0.096	-0.165	0.941	-0.714	-0.153	
-2.225	1.655	-1.149	0.022	-0.172	-0.751	-1.457	0.718	-2.931	-0.059	0.109	-1.014	0.193	1.615	-2.002	0.657	
0.035	1.044	0.067	0.415	-1.016	0.657	0.756	0.862	-0.878	-0.097	-0.250	0.540	0.318	0.029	0.115	-0.048	
-0.559	-1.570	0.184	-1.465	2.343	-0.236	-0.339	-0.155	
0.288	1.630	0.155	2.138	0.558	-0.165	-0.107	-0.006	
1.337	1.618	-1.460	0.748	-0.233	-0.540	-0.685	1.108	
-1.018	2.671	-0.858	0.926	0.150	-1.726	3.838	-0.013	
0.237	-0.347	-0.932	-1.104	0.664	-1.145	0.064	-0.309	
-0.830	0.062	3.710	-1.236	2.194	
-0.266	0.202	-0.229	0.209	-0.445	
0.428	1.404	-0.349	-0.117	-0.061	
