3
16 8 5 3 
-4.534	11.316	-3.407	-1.831	-7.079	-0.047	10.475	-2.066	-5.485	8.708	-1.408	-1.276	-3.631	1.547	-14.051	8.271	
-3.227	-10.959	8.366	9.622	1.577	-3.982	-10.635	6.903	0.553	-3.110	-3.731	-1.342	5.801	-1.549	16.559	-10.074	
-6.471	-10.705	-1.795	3.418	9.653	-7.028	-6.821	12.081	-8.506	-5.608	0.380	14.192	4.225	1.837	1.883	3.574	
-2.327	-24.345	9.391	-1.119	-10.767	8.727	0.995	5.657	-7.297	3.981	-4.045	-2.956	3.744	-2.285	-3.187	4.877	
4.282	-5.867	-7.761	-0.692	11.659	12.680	4.922	-1.581	-1.166	-3.550	4.727	-0.388	7.045	-3.285	-10.395	15.986	
10.678	11.614	5.394	-13.331	-4.274	14.731	-2.976	-3.795	0.172	13.864	-12.748	-11.293	-0.922	6.063	7.837	-5.162	
3.588	4.891	8.704	0.108	-4.942	-0.529	-2.732	-5.616	13.443	4.719	0.718	8.641	5.295	8.853	3.946	18.279	
-8.981	-6.015	2.607	-6.852	3.930	-11.893	5.532	3.327	5.061	-10.555	-1.973	14.266	-12.330	-1.152	-4.596	5.818	
-0.547	2.484	-6.355	-20.880	-7.857	9.414	-8.790	5.080	
0.418	16.454	-1.498	7.032	-16.517	20.083	-16.116	-6.313	
10.446	-6.724	-15.046	5.513	6.146	-5.171	-3.577	-9.026	
4.710	-15.533	5.784	-9.257	7.266	-2.872	0.458	2.794	
8.035	-15.452	-4.925	-6.213	11.935	-9.671	3.496	-8.357	
8.914	15.762	-3.413	-2.098	0.924	
-7.352	1.442	5.314	-1.778	-9.339	
-3.960	-6.730	10.592	-3.511	-3.475	
