3
16 8 5 3 
-4.893	11.674	-3.690	-3.251	-6.316	-3.095	8.868	-3.864	-6.669	10.262	-1.850	-0.218	-5.061	1.693	-13.654	9.342	
-6.916	-9.806	8.110	10.600	-1.282	-1.002	-9.860	3.656	0.357	0.516	-5.065	-4.822	4.939	0.322	13.282	-9.194	
-8.311	-11.321	-1.425	1.051	9.846	-6.864	-6.008	6.858	-9.149	-5.379	-0.013	14.738	3.416	3.220	0.498	0.155	
-1.709	-22.984	6.665	-1.468	-12.057	7.364	1.748	7.324	-7.297	2.969	-2.901	-1.744	-0.261	0.113	-2.430	5.869	
4.162	-6.844	-5.828	-1.058	12.884	12.380	4.174	-2.412	-1.821	-0.095	4.919	1.797	7.552	-3.094	-11.119	13.927	
7.505	13.629	4.178	-16.725	-5.404	16.218	-5.146	-1.140	-0.806	13.769	-14.819	-10.172	-1.174	5.300	8.201	-5.991	
2.438	4.511	8.133	-0.520	-0.866	1.402	-0.588	-1.559	13.293	7.851	1.734	7.710	4.716	9.183	5.663	17.596	
-9.121	-8.248	1.898	-7.255	4.261	-12.132	8.704	3.483	4.991	-9.426	-1.973	10.070	-11.688	-3.060	-4.494	5.828	
0.273	2.608	-6.745	-22.047	-8.472	8.630	-7.693	4.558	
-0.726	14.672	0.606	8.865	-17.545	23.458	-16.186	-5.124	
9.809	-8.262	-16.633	3.245	1.950	-6.583	-3.577	-11.470	
4.894	-15.170	7.868	-6.317	7.116	-4.847	0.984	3.162	
7.350	-15.035	-4.849	-5.136	13.088	-9.347	8.347	-8.213	
7.734	13.248	-4.837	-2.471	0.924	
-7.697	1.128	4.590	-1.613	-9.339	
-4.986	-4.715	11.664	-6.056	-5.430	
