3
16 8 5 3 
1.474	-0.030	-0.097	0.031	-1.274	0.238	0.226	1.834	0.123	1.164	-0.814	1.426	3.035	-3.947	0.056	-0.126	
-0.172	0.090	0.113	0.056	-1.172	-0.599	1.687	-1.578	-0.196	0.059	0.151	0.147	-0.199	-0.614	2.035	-0.150	
-0.507	-1.685	-0.112	-2.228	0.898	0.132	-0.994	0.205	0.140	-0.202	-0.190	-0.153	0.054	0.731	-2.537	0.311	
-0.690	0.058	-0.030	-0.746	1.364	-0.155	-0.183	0.204	-0.114	-2.118	-1.170	0.660	-0.147	-1.357	0.126	0.368	
-1.798	0.015	0.452	0.658	0.058	2.509	-0.200	0.141	-0.105	-2.670	0.282	0.189	-0.437	0.251	-0.090	2.563	
0.588	-0.786	-0.105	-3.543	1.466	-0.443	2.598	-0.176	0.361	0.107	-1.232	0.096	-0.371	-0.125	-0.714	-0.153	
-2.225	-1.126	-0.872	0.022	-0.172	-0.751	-1.457	0.718	-1.327	0.843	0.109	0.852	0.075	1.615	-1.671	0.657	
0.035	1.044	0.067	0.415	-1.182	-0.914	-0.805	0.936	-0.417	-0.097	-0.250	0.540	0.318	0.029	0.115	-0.048	
-1.362	-1.631	0.184	-1.465	2.554	-0.852	0.904	-0.155	
0.288	1.427	0.940	2.138	0.977	-0.165	-0.107	-0.006	
1.337	0.313	-1.460	0.201	-0.233	-0.540	-0.685	1.108	
-1.018	2.671	-0.421	0.926	0.150	-1.726	3.838	-0.013	
0.078	0.773	-0.932	-1.104	0.664	-0.059	-2.677	-0.309	
-0.830	-0.759	3.710	-1.236	2.194	
0.388	0.202	0.051	0.209	-0.445	
0.428	1.404	-0.363	-0.249	-0.061	
