3
16 8 5 3 
1.624	-0.030	-0.394	3.625	-0.911	0.335	0.226	0.005	-0.826	1.057	-1.239	-0.069	2.802	-3.947	-0.038	-0.701	
0.053	2.108	0.113	-0.774	0.261	-1.072	2.411	0.048	-0.196	0.059	0.905	0.147	-1.728	-0.614	2.035	-0.150	
0.077	-1.685	-0.112	0.081	0.898	0.132	-0.490	-0.200	0.113	-0.202	-0.190	-0.153	1.093	0.672	-2.537	0.203	
-1.464	0.582	-0.030	-0.746	0.516	2.351	-0.183	0.204	-0.114	-2.539	0.220	0.660	-0.147	1.554	0.126	0.368	
-0.916	0.015	0.470	0.658	-1.115	2.647	-0.007	0.233	-0.105	-2.590	0.282	-0.893	-0.437	0.186	-1.557	1.820	
0.093	-0.786	-0.105	-0.263	1.466	-0.443	1.892	-0.176	0.852	-0.935	-1.232	0.096	-0.165	-0.125	-0.714	0.574	
-2.460	-0.703	-0.026	0.022	-0.172	-0.751	-1.457	0.718	-0.139	-0.753	0.109	0.057	0.193	0.514	-2.002	0.545	
-1.324	0.512	0.485	0.487	0.030	2.468	-0.153	0.936	1.808	-1.092	0.308	0.353	0.318	0.398	2.172	-2.677	
-2.474	-0.130	0.184	-3.554	0.909	0.926	-0.339	0.071	
0.288	0.473	0.155	4.346	0.977	-1.976	-0.107	-1.394	
-0.139	0.313	-0.580	-0.412	-0.233	-0.540	-0.872	-1.240	
-1.018	1.159	-0.187	0.318	0.150	-2.472	3.838	-0.013	
-0.129	-0.072	-0.932	-1.104	1.428	-0.059	0.064	-0.160	
-0.830	0.062	3.710	-0.128	4.413	
-0.266	0.275	1.805	1.797	-0.554	
0.428	1.404	0.259	1.334	-0.738	
