3
16 8 5 3 
4.670	0.676	-7.949	4.561	4.350	-2.682	-0.708	-3.025	-4.792	1.454	2.088	1.816	-2.694	-0.562	1.696	2.823	
-1.404	-1.023	0.554	5.999	-3.742	-9.862	0.440	-5.007	-1.094	0.539	1.657	2.158	1.967	0.651	5.322	-6.424	
-1.266	4.813	-2.279	0.158	1.827	-1.489	-5.185	1.172	5.171	0.693	1.994	0.848	-1.056	0.399	1.341	-4.388	
4.826	-4.301	1.768	-2.432	0.830	1.504	-1.634	0.162	-2.945	-7.022	2.807	-0.352	-8.940	-0.749	0.321	-0.766	
3.087	-4.322	-1.489	-4.750	-0.603	-4.602	1.289	0.484	4.491	0.681	-2.082	-1.151	10.139	-2.481	-2.905	-1.429	
-1.636	0.150	9.040	-1.773	-2.072	3.873	6.143	-3.246	-0.851	1.350	-1.822	-2.480	-3.602	0.365	5.444	-7.980	
2.792	-0.141	-1.485	2.916	-1.497	-0.394	2.382	-2.280	3.081	1.142	4.936	0.844	-0.243	-0.941	1.099	3.240	
-2.824	1.056	0.295	-4.610	0.682	-3.388	7.168	0.631	3.624	0.905	2.680	-2.943	-4.144	-1.852	-1.743	2.576	
1.260	-4.475	-0.131	-11.046	0.683	10.648	-1.500	-2.029	
-1.597	7.736	-0.156	1.249	-0.078	6.471	-5.691	-0.664	
4.324	-7.174	-1.151	5.367	1.648	-4.884	2.773	3.017	
0.777	-6.204	4.748	0.732	-5.046	2.640	-6.660	-1.133	
2.280	-3.835	5.384	6.752	0.061	-3.054	1.802	0.307	
1.677	5.335	-0.545	1.434	1.003	
-3.281	-2.525	-2.469	-2.961	-0.641	
0.593	-1.089	10.456	2.528	5.212	
