3
16 8 5 3 
-4.247	12.111	-5.114	-1.482	-6.628	-5.711	8.340	-1.081	-4.324	7.502	-2.431	-0.575	-3.652	1.800	-14.502	8.137	
-3.227	-11.181	6.960	9.336	-2.352	-1.149	-9.113	3.634	0.553	1.793	-2.675	-4.086	6.627	0.023	15.672	-10.200	
-5.368	-12.151	-2.269	0.706	9.653	-8.598	-3.314	9.368	-7.500	-5.379	-1.762	15.297	4.399	2.171	2.997	2.491	
-3.200	-25.669	6.598	-1.075	-11.717	7.706	2.968	5.970	-7.297	3.222	-4.419	1.458	3.406	1.577	-4.014	5.184	
0.544	-4.452	-6.620	-0.156	10.904	12.606	5.868	-2.389	-2.655	-2.013	4.332	-0.870	5.471	-2.908	-9.764	16.804	
10.135	12.713	7.755	-14.610	-4.793	14.904	-3.934	-3.744	-0.922	14.126	-16.862	-11.112	-1.200	5.174	7.040	-4.603	
3.296	4.891	8.651	1.166	-2.137	-0.817	-2.651	-4.427	14.576	4.624	3.408	8.059	3.819	10.202	2.350	17.945	
-9.121	-5.531	3.713	-6.737	3.154	-12.586	9.531	1.086	7.371	-11.975	-1.973	14.408	-11.889	-0.262	-4.147	6.833	
-3.479	4.015	-6.760	-24.073	-8.675	9.171	-7.244	4.497	
0.296	17.025	-3.843	10.033	-15.705	21.942	-15.229	-3.023	
10.491	-4.803	-17.740	2.987	3.836	-3.571	-3.297	-10.281	
3.239	-14.351	8.535	-6.317	5.003	-6.407	0.309	1.633	
8.247	-16.020	-3.988	-6.329	10.935	-9.492	6.418	-9.322	
9.020	14.392	-2.448	-1.303	-0.698	
-7.415	1.128	5.314	-1.778	-9.306	
-4.742	-6.253	10.181	-5.026	-0.935	
