3
16 8 5 3 
3.998	3.252	-7.532	-0.281	1.531	-2.458	-2.233	-3.542	-4.792	0.928	0.897	3.558	-4.749	0.595	1.696	-0.596	
-0.599	1.206	1.904	6.883	-3.742	-8.103	-0.204	-3.475	-1.094	0.539	1.314	-2.653	2.550	-2.422	6.398	-8.283	
-2.584	0.737	-0.209	-1.948	1.827	-1.489	-4.460	5.983	5.283	2.095	3.681	2.346	-2.814	0.399	-0.692	-3.341	
1.925	-4.691	0.708	-0.008	0.668	2.786	0.518	0.162	-2.089	-7.912	0.864	-0.872	-5.104	0.499	1.489	-0.394	
2.659	-3.731	3.013	-3.760	-1.438	-2.552	0.918	1.812	4.633	0.169	-1.979	-1.151	8.909	-2.481	-2.470	-1.023	
-2.047	1.243	9.040	-3.989	-1.885	3.096	4.814	-2.922	-1.767	2.007	-1.020	-3.066	-3.460	0.365	3.738	-7.624	
-0.732	-1.846	-1.836	4.288	-2.256	1.337	3.615	-2.828	3.081	1.283	4.630	0.540	-0.158	-0.652	0.120	0.921	
-2.909	0.943	0.295	-5.385	2.735	-1.401	5.722	0.855	3.624	2.393	2.680	-2.814	-2.172	0.583	-2.331	0.456	
1.348	-4.004	-2.028	-11.478	0.683	9.457	-3.519	-2.827	
-0.786	6.842	-0.156	2.310	-0.036	6.027	-6.465	2.135	
4.669	-7.174	-1.470	5.367	1.140	-7.135	3.065	0.219	
0.565	-8.460	3.391	-0.152	-5.507	5.752	-7.974	0.475	
4.969	-3.835	5.378	6.752	-0.215	-3.054	1.754	-2.078	
-1.183	6.099	-0.175	-1.690	1.003	
-4.492	-3.408	-2.209	-4.368	-1.796	
3.741	-0.622	11.627	1.327	5.333	
