3
16 8 5 3 
0.044	-0.032	-0.063	0.121	0.219	0.162	-1.602	-0.058	0.237	0.219	-0.165	-0.149	0.060	-0.083	0.206	-0.169	
-0.021	-0.075	0.064	-0.234	-2.170	-0.352	1.146	1.396	-0.197	-0.124	-0.019	-0.090	-0.023	0.011	-0.175	-0.631	
0.211	0.248	0.220	0.001	-0.058	0.106	-0.076	0.082	0.738	0.012	0.116	0.035	0.043	0.125	-0.212	0.024	
-0.618	0.057	0.092	-0.106	0.228	-0.009	0.085	-0.231	0.077	0.119	0.025	0.152	0.094	-0.194	0.196	-0.002	
-0.183	-0.019	0.229	-0.017	-0.115	0.060	-0.018	0.147	-0.029	0.414	-0.165	0.060	-0.149	-0.160	0.117	0.095	
-0.130	0.105	-0.053	-0.137	0.122	0.118	-1.119	-0.016	0.102	0.013	0.094	0.370	-0.094	0.443	-0.047	0.102	
-0.220	-0.125	0.130	-0.038	0.276	0.038	0.022	0.649	0.056	0.024	-0.163	-1.681	0.227	0.032	-0.424	-0.056	
0.006	0.129	0.137	-0.067	-0.247	0.249	0.004	0.165	0.121	0.056	-0.086	0.217	-0.040	-0.244	-0.006	0.021	
0.614	-0.236	0.147	0.034	-0.111	0.117	-0.082	-0.151	
0.028	-0.338	-0.261	-0.271	0.190	0.134	-0.278	-0.270	
-0.316	-0.193	-0.194	-0.305	-0.087	0.327	-0.267	0.167	
-0.187	-0.356	-0.351	0.295	-0.183	-0.036	0.225	-0.012	
0.083	-0.060	0.336	-0.205	0.039	0.087	0.190	-0.320	
0.177	-0.141	0.419	-0.397	-0.290	
0.105	0.052	-1.070	0.089	-0.057	
-0.050	0.164	-0.178	0.092	-0.377	
