3
16 8 5 3 
-4.247	11.316	-4.825	-2.173	-5.181	-1.022	7.555	-0.050	-6.516	8.708	-2.525	-1.569	-4.277	1.547	-13.278	10.011	
-3.227	-12.132	5.111	10.035	1.917	-2.011	-10.165	5.264	1.229	0.205	-4.861	-3.872	5.577	0.237	13.566	-9.525	
-6.471	-10.731	-1.718	2.536	10.746	-7.028	-4.525	7.267	-11.684	-4.355	0.520	14.490	4.467	1.575	1.564	0.675	
-2.575	-24.345	8.118	-1.728	-11.935	7.515	0.711	4.515	-7.297	5.957	-3.428	-1.412	4.121	0.855	-3.724	4.027	
5.884	-4.857	-7.676	-1.172	11.659	13.413	3.761	-3.229	-0.448	-3.920	4.727	-0.388	7.045	-3.595	-9.661	15.351	
11.325	10.451	5.394	-15.797	-4.274	18.505	-2.439	-3.795	0.172	13.864	-14.271	-10.075	-0.922	4.924	7.837	-3.554	
3.588	5.103	10.120	0.108	-2.646	0.776	-3.475	-3.141	14.053	5.294	5.819	8.059	5.295	10.239	-0.053	16.991	
-9.121	-6.015	1.862	-6.104	3.787	-11.893	7.514	3.645	2.822	-9.908	-1.464	13.557	-11.995	-2.232	-4.147	5.818	
-0.548	5.761	-7.273	-21.278	-8.483	9.414	-7.693	3.977	
0.959	16.454	-1.842	8.722	-15.604	18.634	-14.020	-6.718	
8.627	-4.149	-18.641	4.731	6.146	-4.577	-3.434	-8.918	
4.508	-14.497	6.662	-6.524	6.138	-3.196	-3.057	2.334	
10.064	-12.958	-2.541	-6.134	11.351	-10.219	6.418	-9.227	
7.816	15.595	-3.633	0.165	-1.089	
-5.552	1.128	5.709	-0.271	-9.678	
-5.350	-5.251	11.575	-6.109	-2.790	
