3
16 8 5 3 
4.670	2.598	-7.949	3.712	4.350	-2.682	-0.708	-3.025	-4.792	0.928	2.088	2.334	-2.694	-0.562	1.696	-0.313	
-1.404	-1.023	0.554	6.889	-3.742	-9.121	0.412	-5.007	-1.094	0.539	1.657	2.382	1.964	1.648	5.322	-6.424	
-0.798	4.813	-2.279	0.158	1.827	-1.489	-5.185	2.487	5.171	0.693	1.994	3.750	-0.971	0.399	1.341	-4.347	
4.826	-4.301	0.658	-2.432	0.830	1.504	-0.312	-0.651	-2.945	-8.155	0.864	-0.869	-11.092	2.059	0.321	-0.766	
2.957	-4.322	-1.144	-5.037	1.327	-4.699	1.289	0.484	4.491	1.433	-2.082	-1.151	10.935	-2.481	-2.905	-1.128	
-1.636	-0.406	9.040	-1.902	-2.072	3.873	6.818	-3.116	-0.851	3.112	-2.381	-2.480	-3.441	0.365	5.444	-7.980	
1.867	-0.141	-1.485	3.438	-1.497	-0.394	2.382	-2.280	3.081	1.142	4.187	0.844	-0.243	-0.847	1.099	3.240	
-3.348	1.056	0.295	-4.105	0.682	-3.388	7.168	0.631	3.624	0.905	2.680	-0.961	-5.270	-1.852	-2.298	2.576	
1.260	-4.475	-0.131	-13.943	0.683	10.648	-1.500	-2.029	
-1.597	6.226	-0.156	1.041	-0.116	6.471	-5.691	-0.664	
4.324	-7.174	-1.151	5.367	1.648	-4.884	2.773	3.017	
0.565	-6.204	4.748	-0.152	-5.046	2.525	-7.682	-1.133	
2.431	-3.835	5.975	6.752	2.427	-3.805	1.802	0.307	
3.676	3.919	-0.545	-0.001	0.438	
-3.281	-2.669	-2.469	-2.961	-0.641	
2.142	-1.089	10.485	2.528	5.212	
