3
16 8 5 3 
0.086	-0.023	-0.095	0.090	0.151	-0.205	0.009	-0.044	-0.059	-0.168	-0.185	0.142	0.254	0.167	0.101	-0.217	
-0.102	0.190	-0.231	-0.044	-0.098	0.042	-0.121	0.149	0.780	-0.114	-0.078	-0.175	-0.198	0.066	-1.909	-0.185	
-0.034	0.363	0.220	-0.218	-0.012	0.020	-0.007	0.051	0.067	0.805	0.127	0.049	-1.038	0.222	0.131	0.040	
-0.005	-0.206	0.033	0.200	0.194	-0.213	0.184	-0.066	-0.044	-0.243	-0.058	0.082	-0.138	0.187	-0.183	-0.061	
0.096	0.168	1.775	0.180	0.684	0.220	-0.129	-0.084	-0.143	-0.017	-0.128	0.239	-0.147	0.092	0.202	0.122	
0.102	0.181	-0.155	0.066	0.109	-0.051	-0.206	-0.158	0.146	-0.216	-0.019	0.071	0.170	-0.181	-0.228	-0.238	
-0.056	-0.249	-0.222	0.231	-0.210	0.064	0.007	0.097	-0.166	0.155	0.019	-0.218	0.026	0.043	0.201	0.083	
-0.168	0.169	0.040	0.071	0.073	-0.175	-0.092	0.076	0.124	0.004	-0.217	0.125	-0.025	-0.078	0.105	0.133	
0.003	0.113	0.095	0.162	-0.331	0.182	0.056	0.096	
0.208	-0.243	0.144	0.040	-0.335	0.234	0.289	0.135	
-0.349	0.215	-0.119	-0.031	-0.271	-0.009	-0.115	-0.261	
0.184	0.278	-0.005	0.280	-0.102	0.332	0.182	-0.143	
0.080	0.279	0.069	-0.107	-0.053	-0.285	0.192	-0.028	
0.440	-0.325	-0.148	-0.094	-0.205	
0.746	0.232	-0.248	-0.068	-0.014	
-0.283	-0.387	0.203	0.642	-0.026	
