3
16 8 5 3 
1.474	-0.030	-2.628	0.031	-0.981	0.920	1.448	0.005	0.123	0.862	0.471	-2.622	0.505	-3.947	0.056	-1.233	
-0.740	1.770	0.113	0.056	-0.246	-0.599	1.687	0.048	-0.273	1.656	0.083	1.744	-0.199	-0.241	3.356	-0.150	
0.077	-1.685	-0.112	-0.149	0.898	0.132	-0.490	0.205	0.140	-0.202	-0.190	-0.153	2.463	0.731	-2.537	0.203	
-0.690	0.058	-0.030	-0.746	0.219	0.776	-0.183	0.204	-0.040	-1.002	0.220	0.660	-0.147	-0.174	-0.200	0.368	
-0.543	0.015	0.452	0.658	0.058	0.185	-0.075	0.141	-0.105	-4.237	0.282	0.189	-0.475	0.186	-1.557	1.621	
0.588	-0.786	-0.664	-1.056	1.404	0.094	1.892	-0.176	-0.247	0.107	-1.232	0.096	-0.165	-0.125	-0.714	1.564	
-2.225	-0.167	-0.953	0.022	-0.172	-0.768	-2.878	0.718	0.320	-0.753	0.087	-0.469	0.193	1.832	0.476	0.255	
0.035	1.044	0.067	1.638	0.030	0.657	-0.153	2.261	0.030	-0.097	0.260	0.540	-0.772	0.029	-1.259	0.542	
-0.559	1.081	0.184	-1.465	1.932	-0.591	-0.339	-0.635	
0.288	1.630	1.168	2.138	0.780	-0.986	-1.409	-0.006	
1.337	0.313	-1.460	0.748	-0.233	-0.540	-0.872	2.192	
-1.018	2.748	-0.187	0.926	0.625	-1.726	3.838	-0.013	
0.078	-0.744	-0.932	-1.491	0.664	-0.059	0.064	-0.309	
-0.830	-1.021	3.710	-1.236	2.194	
-0.558	0.202	0.051	0.209	-0.445	
0.428	1.404	-1.428	-0.117	-0.061	
