3
16 8 5 3 
-4.247	12.111	-4.130	-0.214	-6.316	-5.123	7.873	-0.956	-3.347	8.429	-2.431	-0.794	-3.859	2.045	-14.502	8.137	
-3.227	-11.235	7.459	9.336	-2.352	-1.149	-9.113	3.656	0.553	1.793	-4.026	-4.086	8.197	-0.381	16.314	-10.142	
-5.074	-12.151	-2.091	-0.399	10.341	-8.719	-2.568	7.333	-7.500	-5.722	-2.770	14.210	4.225	2.171	1.578	2.491	
-2.433	-25.669	6.598	-1.075	-10.108	5.882	2.454	6.117	-8.067	3.731	-4.306	-0.343	2.314	1.577	-3.346	6.078	
-1.456	-4.857	-7.761	0.391	10.904	11.870	5.705	-4.035	-2.742	-1.639	4.310	-0.899	5.471	-3.347	-10.221	12.446	
10.135	12.713	5.394	-14.610	-8.380	14.904	-4.522	-3.795	0.270	15.120	-16.320	-11.112	-1.628	5.174	7.689	-4.603	
1.741	4.891	9.177	-0.222	-2.137	-0.358	-2.651	-4.427	14.576	4.624	2.561	8.059	4.712	10.202	0.668	17.545	
-9.121	-6.015	3.713	-7.371	3.154	-9.409	10.121	0.827	7.371	-11.768	-2.356	14.408	-11.889	-1.060	-4.147	6.833	
-2.461	1.782	-6.760	-21.877	-8.675	9.171	-7.272	4.549	
0.296	17.025	-4.871	10.033	-15.705	22.592	-15.229	-8.073	
10.491	-4.739	-18.638	2.987	8.395	-3.257	-3.297	-9.702	
2.685	-13.445	7.335	-6.808	6.562	-4.946	1.437	2.119	
8.164	-16.075	-4.555	-6.329	11.351	-9.333	7.400	-8.520	
9.020	15.595	-3.633	0.344	-0.509	
-7.010	1.128	6.561	-1.778	-9.339	
-4.742	-6.535	9.018	-5.184	-0.333	
