3
16 8 5 3 
0.199	-1.750	0.172	-0.246	0.175	0.074	-0.158	0.248	0.250	0.072	-1.788	0.240	-0.159	0.232	-0.045	-0.011	
0.103	0.179	0.203	0.171	-0.100	-0.118	-0.060	-3.048	0.029	0.516	-0.178	-0.917	0.166	0.016	-0.026	0.098	
0.113	0.073	-0.095	-0.068	0.024	-1.519	-0.067	-0.245	0.436	0.187	0.035	-0.141	0.212	0.135	-0.013	-0.229	
0.193	0.161	0.210	-0.147	0.646	0.128	-0.040	-0.248	-0.142	1.569	-0.149	0.102	0.151	0.227	0.031	-0.163	
0.048	-0.114	0.315	0.221	-0.197	-0.110	0.142	0.209	0.041	-0.237	0.268	0.068	-0.191	0.001	-0.078	0.162	
-0.137	0.182	-0.319	0.186	-0.035	-0.250	-0.036	0.162	0.098	0.173	0.208	-0.141	-0.028	-0.207	-0.104	0.294	
0.062	-0.089	-0.271	-0.131	0.210	-0.190	0.237	0.165	-0.038	0.128	2.102	0.184	-0.154	0.232	-0.938	0.722	
-0.863	-0.021	0.120	-0.089	0.076	-0.017	-0.146	0.004	0.242	-0.192	0.155	-0.008	-0.649	-0.226	-0.196	0.228	
-0.243	1.390	0.136	0.337	0.261	0.066	0.180	0.244	
0.009	0.229	0.174	-0.110	1.412	-0.228	0.159	0.260	
-0.223	-0.251	-0.080	-0.319	-0.082	-0.092	-0.096	-0.193	
-0.133	-0.298	-0.307	-0.215	-0.317	-0.264	-0.608	0.549	
-0.086	0.042	0.162	-0.192	-0.317	0.019	-0.117	0.329	
-0.194	0.552	0.413	0.427	1.375	
0.463	-0.010	0.061	0.132	-0.221	
0.108	0.267	0.273	0.167	0.050	
