3
16 8 5 3 
-2.700	12.614	-5.349	-1.546	-5.133	-6.067	7.611	-0.350	-2.424	8.429	-0.995	-0.794	-5.344	1.682	-13.654	7.643	
-3.227	-13.433	6.590	9.102	-0.552	-1.975	-9.984	1.926	-0.652	3.291	-2.838	-1.390	6.627	-0.391	16.310	-10.656	
-6.471	-12.667	-1.344	1.051	9.351	-6.215	-8.553	7.932	-7.500	-5.379	-0.796	13.663	5.495	2.489	1.722	0.512	
-4.943	-25.824	4.785	-2.608	-10.108	7.937	2.454	5.794	-7.297	3.909	-3.749	-0.523	2.314	1.577	-1.862	4.821	
3.061	-5.759	-7.761	-1.058	10.363	10.280	4.684	-3.256	-1.621	-2.114	3.726	-0.073	5.408	-3.285	-10.440	16.304	
10.547	12.713	6.207	-15.369	-4.603	16.654	-3.885	-3.795	-0.527	14.328	-16.190	-11.086	-2.092	5.174	9.231	-5.651	
2.454	4.891	8.004	-2.129	-2.137	-1.058	-1.696	-5.115	13.553	5.294	2.561	10.472	5.742	8.038	1.352	16.200	
-9.121	-6.015	4.661	-7.052	2.300	-11.893	6.740	-0.178	7.972	-12.005	-1.813	14.408	-12.330	-2.933	-4.509	7.221	
-0.548	4.463	-6.197	-22.470	-9.035	7.595	-9.100	4.693	
-0.573	15.916	-1.299	8.349	-15.705	20.497	-15.229	-6.465	
9.971	-5.095	-18.638	3.853	5.375	-3.571	-2.774	-10.639	
3.750	-14.497	9.002	-5.241	5.251	-5.407	0.764	3.709	
7.573	-14.373	-2.670	-5.875	13.151	-12.771	4.782	-7.326	
8.868	15.595	-4.627	-1.843	-0.838	
-7.901	1.061	5.853	0.083	-9.339	
-5.519	-6.253	7.930	-4.238	-0.935	
