3
16 8 5 3 
-4.247	12.391	-2.609	-1.482	-5.133	-5.123	7.978	-0.956	-4.405	9.374	-0.243	-0.158	-3.650	1.657	-13.654	9.303	
-4.401	-9.378	6.960	7.409	-0.552	-0.780	-10.737	2.767	0.419	1.793	-4.499	-2.692	5.752	-0.745	15.851	-9.655	
-8.124	-12.151	-1.795	2.580	9.918	-7.206	-5.494	7.333	-8.585	-5.379	-1.762	15.297	4.014	2.354	1.722	2.886	
-3.640	-24.743	6.598	-0.672	-9.316	7.465	1.176	5.901	-5.855	3.909	-5.576	-2.011	2.314	1.577	-4.269	5.184	
3.305	-5.930	-9.731	-0.638	11.659	11.870	4.684	-3.256	-1.143	-2.934	2.413	-0.073	6.740	-3.285	-10.221	14.857	
8.770	12.713	5.394	-15.369	-4.603	14.904	-3.885	-3.795	-1.948	13.279	-16.951	-9.369	-1.719	5.174	9.231	-4.603	
2.298	3.899	10.093	-2.845	-1.343	-0.817	-4.464	-4.427	18.020	5.294	2.561	6.487	4.716	7.937	1.352	15.951	
-9.121	-6.054	4.661	-5.567	3.621	-11.893	8.339	0.626	5.173	-12.005	-1.973	14.488	-11.953	-0.359	-3.822	5.282	
-0.548	4.887	-6.760	-19.879	-8.675	9.069	-7.693	4.209	
0.659	15.916	-1.299	9.410	-15.705	21.114	-13.946	-6.703	
9.937	-5.095	-19.430	3.853	5.375	-4.117	-3.577	-10.157	
5.219	-13.265	9.208	-5.343	6.501	-3.030	0.909	3.180	
7.153	-16.984	-1.029	-6.329	12.622	-11.594	5.327	-9.567	
8.868	15.148	-4.224	-1.843	-0.097	
-7.010	1.128	5.405	-1.778	-9.339	
-4.742	-6.253	8.305	-7.025	-0.935	
