3
16 8 5 3 
-4.247	9.949	-2.922	-2.173	-5.181	-1.022	7.555	-0.050	-6.516	8.708	-1.408	1.064	-4.277	1.547	-13.278	10.011	
-3.227	-11.809	5.111	9.310	1.917	-3.326	-10.165	5.672	1.229	0.205	-4.861	-3.872	6.728	0.237	14.742	-8.889	
-6.471	-10.731	-0.298	2.536	9.653	-7.028	-4.554	7.267	-10.969	-4.355	0.520	14.490	4.467	1.302	1.867	0.675	
-2.862	-24.345	8.118	-1.119	-10.108	7.515	1.851	4.515	-9.110	4.928	-3.181	-1.770	4.121	0.855	-3.724	3.229	
5.884	-6.794	-7.761	-1.176	11.659	13.413	3.761	-3.229	-0.448	-2.934	4.727	-0.388	4.881	-5.322	-8.910	14.888	
11.325	12.296	5.394	-13.087	-4.274	18.505	-0.886	-3.795	0.172	13.864	-14.271	-10.821	-0.922	4.924	7.837	-3.554	
3.588	5.628	10.120	0.108	-4.527	-0.038	-3.475	-4.427	14.757	5.294	6.138	8.059	5.295	10.239	-0.053	18.279	
-6.783	-6.015	3.117	-6.001	3.403	-11.332	7.514	3.081	2.822	-9.092	-1.973	14.408	-12.330	-1.152	-3.925	6.173	
-2.604	3.677	-5.409	-22.187	-7.398	9.348	-7.693	3.977	
1.166	16.454	-1.512	8.722	-15.478	19.961	-14.994	-6.718	
8.341	-4.725	-18.641	3.802	6.146	-4.577	-3.577	-10.075	
5.956	-14.175	6.662	-5.760	6.138	-3.196	-3.057	2.166	
11.761	-15.273	-4.925	-6.134	12.093	-10.545	6.418	-9.227	
8.914	15.595	-3.633	0.165	-0.849	
-5.552	1.128	5.876	-0.271	-9.339	
-5.350	-4.072	11.575	-6.033	-3.705	
