3
16 8 5 3 
-2.723	-0.049	0.192	0.114	0.096	0.062	1.316	0.198	-0.208	0.911	-0.194	-0.105	0.181	0.172	-0.097	0.112	
-0.235	0.202	-0.116	-0.090	0.117	0.078	-0.559	0.184	-0.055	0.006	0.007	-0.010	0.193	-0.211	0.214	0.182	
0.077	0.032	0.021	0.129	0.121	-0.024	-0.029	-0.235	1.429	-0.173	0.129	0.101	-0.019	0.195	-0.050	0.742	
-1.611	0.149	-0.168	-0.171	0.053	-0.037	-0.185	-0.065	-0.164	-0.231	0.137	0.209	-0.149	0.189	-0.162	-0.114	
-0.158	-0.050	0.250	-0.225	-0.197	0.114	0.204	0.856	-0.224	-0.219	0.033	0.176	0.137	0.012	-0.105	0.082	
-0.136	0.232	-0.241	0.088	0.168	0.070	-0.112	-0.027	-0.243	-0.298	-0.042	-0.213	-0.212	-0.061	0.011	0.113	
0.335	0.207	-0.918	0.249	0.119	1.718	1.121	-0.087	0.132	-0.224	-0.194	-0.233	-0.129	-0.100	-0.248	0.003	
-0.209	0.091	0.242	0.190	0.112	-0.128	-0.147	-0.135	0.070	0.130	-0.164	0.020	-0.247	-0.171	0.107	0.045	
0.325	0.003	-0.199	0.336	0.279	-0.147	0.226	-0.346	
-0.126	0.220	-0.094	-0.238	0.290	0.049	-0.077	0.331	
-0.013	-0.112	-0.095	0.210	0.257	-0.191	-0.300	0.033	
0.052	-0.201	-0.345	-0.282	0.255	-0.275	-0.102	-0.042	
-0.254	-0.035	-0.216	-0.015	0.122	0.247	-0.088	0.128	
0.220	0.063	0.046	0.420	0.029	
0.058	0.218	-0.323	-0.147	-0.400	
-0.420	0.211	0.276	0.254	0.218	
