3
16 8 5 3 
-4.247	10.931	-0.993	-1.482	-6.842	-2.728	6.596	1.071	-6.223	8.243	-1.408	1.174	-3.360	1.547	-12.454	7.265	
-3.227	-10.959	6.960	9.830	-0.502	-2.101	-10.143	5.353	1.408	-1.320	-3.731	-3.081	8.044	0.391	14.545	-14.580	
-7.712	-12.151	-3.129	3.304	9.551	-6.615	-5.494	6.324	-6.839	-5.379	-0.331	16.078	4.225	2.171	2.507	2.028	
-1.637	-23.009	4.987	0.019	-10.668	7.317	2.832	5.794	-7.380	3.981	-2.342	-1.946	2.896	2.160	-3.346	5.679	
3.472	-4.762	-10.183	-2.692	12.353	8.704	3.748	-3.321	-3.696	-2.088	4.734	-0.388	6.648	-2.768	-10.643	13.209	
10.828	12.598	6.934	-19.086	-4.603	11.321	-2.974	-3.126	0.744	14.130	-14.969	-10.376	-0.382	5.174	7.837	-6.693	
6.248	4.891	8.531	0.108	-2.137	0.006	-0.304	-3.804	15.444	5.294	2.561	8.846	3.205	8.882	2.499	20.230	
-7.289	-6.117	3.660	-7.019	3.370	-12.428	7.514	2.586	4.270	-9.147	-1.973	15.318	-11.931	-0.669	-4.147	6.294	
-0.406	3.889	-5.198	-20.760	-7.173	9.414	-7.693	5.235	
0.369	15.916	-0.931	9.410	-16.357	20.716	-15.212	-8.508	
10.304	-2.382	-19.861	5.544	6.123	-3.994	-1.601	-9.846	
3.868	-15.996	7.192	-6.317	8.047	-5.331	-0.134	3.188	
8.247	-16.687	-4.069	-5.878	11.351	-9.642	7.823	-8.213	
9.810	17.017	-3.633	-1.032	-1.400	
-7.010	1.128	5.314	-1.778	-9.339	
-5.388	-8.520	9.831	-5.463	-1.987	
