3
16 8 5 3 
-5.705	9.522	-2.922	-2.461	-6.566	-3.472	7.328	-2.136	-5.571	7.556	-1.468	-1.739	-3.071	2.576	-13.114	6.982	
-4.036	-10.959	8.017	9.563	-0.545	-3.243	-12.198	4.555	-0.790	0.205	-3.731	-2.710	7.875	-0.337	16.167	-10.090	
-6.471	-11.660	-0.198	2.536	9.653	-8.731	-4.039	7.333	-8.506	-5.379	0.520	15.500	3.215	1.574	1.883	4.153	
-4.145	-24.666	8.073	-1.937	-9.032	7.069	3.396	6.163	-7.297	3.927	-5.857	-1.373	2.314	0.855	-3.721	3.934	
5.448	-5.338	-7.504	-2.725	11.659	11.850	4.684	-1.811	-3.391	-2.350	6.144	0.701	10.124	-3.285	-10.395	12.553	
10.037	13.037	4.654	-17.625	-4.274	14.731	-3.885	-3.795	0.172	13.336	-14.271	-11.498	-1.655	5.174	6.343	-2.726	
3.588	4.733	8.704	0.108	-3.021	0.006	-2.651	-5.283	14.757	5.294	2.561	8.059	4.590	8.313	1.671	16.398	
-8.295	-6.015	4.099	-8.942	4.331	-11.789	6.277	4.787	3.773	-10.164	-1.973	13.752	-12.224	-1.152	-4.147	5.818	
-0.548	3.062	-5.496	-21.282	-9.311	10.643	-7.693	5.116	
0.529	16.454	0.202	10.806	-15.874	20.814	-15.229	-5.434	
8.212	-5.258	-16.808	5.913	4.482	-4.577	-1.543	-9.846	
4.662	-14.341	6.662	-4.725	6.501	-4.946	0.984	3.308	
7.616	-13.943	-6.298	-5.440	10.008	-10.403	6.418	-8.357	
9.020	16.793	-2.156	-0.610	3.739	
-7.121	1.128	5.161	-0.296	-9.743	
-3.966	-6.211	13.660	-5.628	-3.475	
