3
16 8 5 3 
-3.784	11.316	-1.642	-2.004	-5.445	-3.647	7.118	-0.976	-5.722	8.514	-1.414	-0.211	-3.757	2.229	-16.204	7.972	
-3.961	-10.959	5.157	12.352	-0.502	-1.253	-9.403	3.623	0.973	-0.168	-3.854	-2.669	6.728	-0.337	15.755	-9.980	
-10.219	-11.943	-1.795	1.468	10.302	-6.542	-5.494	9.354	-7.590	-4.442	0.520	16.507	4.225	5.153	0.391	2.324	
-1.429	-23.619	8.325	-2.381	-10.719	7.326	1.578	7.667	-6.231	4.243	-3.406	-1.235	2.314	1.471	-3.441	5.189	
5.919	-4.857	-7.094	0.116	11.358	13.945	2.491	-1.811	-4.143	-0.790	3.791	-0.388	5.370	0.023	-13.373	14.512	
9.244	11.575	5.394	-16.782	-5.404	18.278	-3.761	-3.228	2.153	13.864	-14.626	-11.090	0.052	4.813	6.169	-4.791	
3.588	3.938	8.152	0.108	-2.137	-1.095	-2.468	-4.427	14.277	4.972	2.073	9.086	5.890	8.796	2.211	16.398	
-9.869	-7.752	2.778	-6.852	3.930	-13.108	8.935	5.175	5.388	-11.694	-3.637	12.178	-12.965	-1.810	-0.587	5.818	
-0.548	5.213	-3.839	-21.671	-8.461	11.674	-7.693	3.977	
0.418	14.346	-3.094	9.041	-16.593	21.252	-15.229	-6.703	
8.495	-5.258	-16.735	4.038	3.900	-4.702	-1.265	-7.413	
4.662	-14.497	6.461	-4.644	9.348	-6.901	0.232	4.622	
7.704	-16.006	-5.000	-6.134	11.351	-11.774	6.640	-8.880	
9.020	15.919	-3.578	-3.376	0.751	
-7.698	1.128	5.294	-1.778	-9.339	
-4.143	-5.494	11.318	-6.576	-2.546	
