3
16 8 5 3 
-0.197	-0.215	-0.104	0.013	0.149	1.433	-0.173	-0.055	0.218	0.040	0.198	-0.098	0.239	-0.160	-0.199	-0.502	
-1.828	-0.198	-1.293	0.117	-0.033	0.082	-0.021	-0.138	0.205	-0.101	0.058	-0.161	-0.191	0.224	0.041	0.223	
-0.067	0.221	-0.150	-0.183	0.069	-0.230	-0.223	-0.232	-0.163	0.012	0.213	-0.046	0.201	-0.162	-0.123	0.179	
0.089	0.246	0.859	0.220	0.069	-0.110	0.005	-0.153	-0.223	0.030	1.005	0.220	0.155	-0.061	-0.200	0.090	
-0.516	0.075	-0.109	-0.112	-0.221	0.089	0.068	0.224	0.152	-0.072	-0.838	-0.099	0.091	-0.093	0.040	-0.135	
0.221	-0.232	0.017	0.013	0.172	0.248	0.215	0.007	-0.063	0.200	0.364	0.152	-0.186	-0.219	-0.085	0.969	
-0.101	0.094	0.062	0.077	-0.001	0.071	-0.178	-0.223	-0.203	0.167	0.044	-0.127	0.026	-0.651	-0.137	0.045	
-1.525	0.102	0.236	-0.091	-0.203	0.232	-0.019	-0.234	0.150	0.134	0.229	0.890	0.063	0.174	-0.102	-0.224	
-0.174	1.951	0.116	-0.266	0.083	-0.282	0.208	-0.003	
0.264	-0.684	-1.277	0.029	-0.292	-0.232	-0.344	0.142	
-0.122	-0.265	0.328	0.009	-0.292	0.300	0.126	0.158	
0.153	0.145	0.135	-0.237	1.021	-0.077	-0.037	0.235	
-0.135	-0.816	-0.130	0.183	0.347	0.049	-0.142	0.199	
-0.320	-0.607	-0.449	-1.299	-1.073	
-0.237	0.243	0.156	0.080	0.241	
-0.142	1.933	0.007	-1.622	-0.338	
