3
16 8 5 3 
5.819	5.146	-9.543	2.274	3.832	-2.458	-2.374	-4.295	-5.562	0.928	0.819	2.453	1.081	-0.562	1.696	-0.601	
-1.404	-0.524	0.468	5.165	-3.742	-7.059	0.759	-3.532	-0.757	0.539	0.551	-2.872	2.550	2.031	2.846	-6.117	
-0.143	4.766	0.260	-0.862	0.172	-0.743	-5.185	3.168	3.868	-0.020	3.681	2.346	-3.592	0.399	0.467	-3.730	
2.524	-4.539	0.888	-2.259	0.830	2.339	-0.087	1.026	-3.219	-6.094	0.712	-0.869	-5.245	1.688	0.433	-1.532	
2.659	-1.851	-2.323	-4.179	1.882	-3.642	0.918	1.854	4.633	0.114	-2.832	-1.151	9.683	-2.481	-5.454	0.059	
-1.636	0.067	9.734	-3.809	-1.179	2.778	5.475	-2.411	-0.851	1.855	-0.137	-1.817	-3.188	0.113	6.795	-10.087	
3.379	-1.846	-0.770	3.115	-3.206	-0.918	0.836	-1.589	2.130	2.354	2.020	1.507	1.030	-0.941	0.088	2.103	
-1.634	-0.616	0.295	-4.085	2.692	-3.388	5.722	2.486	3.624	-2.233	4.558	-0.345	-2.066	-1.335	-3.169	0.236	
1.572	-3.702	-0.151	-10.921	0.683	10.038	-2.788	-1.342	
-0.786	6.226	-0.156	3.800	1.586	6.027	-5.691	0.653	
4.652	-8.436	-0.168	5.402	1.321	-5.841	2.773	3.139	
1.071	-6.204	2.593	-1.346	-6.038	3.023	-7.088	0.801	
3.617	-3.277	6.416	7.668	-0.215	-1.974	1.363	-2.068	
1.491	6.099	-0.545	-0.635	1.003	
-3.785	-2.669	-2.469	-4.368	-1.796	
2.197	-1.701	10.456	3.326	3.899	
