3
16 8 5 3 
3.205	2.230	-10.699	1.242	1.518	-1.784	-2.702	0.636	-6.555	3.242	0.251	1.607	-2.446	-2.267	3.926	3.291	
-2.747	-1.385	1.721	6.621	-3.606	-5.966	0.215	-4.747	1.092	2.671	1.574	-1.174	5.296	0.472	7.036	-4.616	
-2.516	4.737	1.198	-1.593	-1.061	-4.644	-5.626	2.169	2.178	-0.644	3.237	2.522	-1.908	0.756	0.410	-4.888	
0.421	-7.238	2.140	0.845	-1.447	2.998	-0.418	-0.542	-1.993	-6.363	1.455	-1.518	-6.894	-0.773	-3.681	-0.264	
5.239	-2.956	0.543	-6.690	-1.682	-2.101	0.424	1.796	4.940	-0.096	0.837	-1.727	5.586	-1.278	-4.347	1.012	
-0.336	1.670	6.101	-0.715	-0.026	6.390	4.323	-4.550	-3.594	3.762	-2.132	-3.496	-1.919	-0.069	4.038	-9.341	
-1.377	-1.813	-2.858	3.406	-3.566	0.279	5.030	-3.423	1.936	4.083	4.204	1.787	-3.111	-0.163	0.539	0.926	
-1.552	-1.167	-0.467	-6.220	2.976	-2.690	5.899	-4.236	4.555	-1.229	-0.167	-0.023	-3.456	-1.278	0.279	2.272	
2.466	-4.069	-1.290	-9.708	-3.797	9.414	-3.258	-1.398	
-0.581	7.177	0.739	-0.828	-2.676	10.430	-5.691	-1.335	
1.178	-2.882	0.996	4.350	-0.957	-6.344	0.411	-0.640	
0.227	-1.810	2.586	0.419	-3.213	4.396	-5.045	-1.361	
3.670	-3.350	3.269	4.488	0.538	-3.762	-0.769	-1.038	
0.935	6.720	-0.351	1.418	0.482	
-1.857	-5.712	0.104	-3.877	-1.928	
-0.737	1.460	11.845	2.088	5.030	
