3
16 8 5 3 
-4.247	12.111	-4.130	-1.482	-5.196	-5.711	8.340	-1.081	-3.347	7.502	-2.431	-0.794	-3.652	1.682	-14.104	8.137	
-3.227	-11.181	6.960	9.336	-2.352	-1.149	-7.177	3.634	0.553	1.793	-2.675	-4.086	6.627	0.023	15.672	-8.629	
-5.368	-12.151	-0.449	1.277	9.853	-8.598	-3.314	8.673	-7.500	-5.379	-1.762	15.544	4.399	2.462	2.740	3.918	
-4.479	-25.669	6.598	-1.075	-11.717	8.250	2.476	5.970	-7.297	3.222	-4.306	0.792	3.581	1.577	-4.014	5.184	
0.544	-4.452	-6.620	0.497	11.011	12.606	5.254	-3.256	-2.224	-2.013	4.310	-0.073	5.471	-2.908	-10.360	15.453	
10.135	12.713	6.448	-14.610	-5.588	14.904	-3.934	-3.651	-0.409	14.126	-16.862	-11.112	-2.385	5.176	6.115	-4.603	
3.163	4.891	9.480	0.108	-2.137	-0.560	-2.651	-4.427	14.576	5.764	3.408	8.059	3.819	10.506	2.350	17.945	
-9.121	-5.531	3.713	-6.737	3.154	-11.396	10.402	1.627	7.371	-11.975	-2.049	15.367	-11.889	-0.262	-4.147	6.833	
-3.479	4.015	-6.760	-21.877	-9.688	9.171	-7.272	1.796	
0.296	17.025	-3.843	10.033	-15.705	21.942	-16.993	-6.452	
10.491	-4.803	-18.877	2.987	5.706	-3.571	-3.297	-10.281	
3.239	-15.419	7.388	-6.317	5.557	-4.946	0.309	2.119	
8.247	-16.235	-3.988	-6.329	10.935	-9.556	6.418	-9.322	
9.020	13.879	-3.633	-1.226	-0.698	
-7.010	1.128	5.314	-1.778	-8.844	
-4.742	-5.205	9.820	-5.026	-0.935	
