3
16 8 5 3 
-4.247	11.285	-1.163	-1.482	-6.842	-3.851	5.905	-1.087	-6.223	7.089	-1.408	-0.117	-4.277	0.797	-9.728	7.744	
-0.557	-8.376	7.197	10.608	-2.239	-2.331	-8.978	5.420	0.553	-1.378	-3.731	-2.692	7.953	-0.771	14.427	-10.313	
-6.471	-12.149	-2.568	0.999	9.653	-6.641	-5.494	7.297	-5.873	-5.371	-0.159	14.743	5.371	2.171	0.637	2.324	
-2.327	-23.009	7.093	-0.321	-12.872	6.357	2.832	5.794	-7.380	3.387	-2.342	-2.542	1.016	2.044	-3.955	5.828	
3.472	-5.276	-11.069	-2.679	12.353	9.870	3.748	-3.256	-3.696	-3.540	4.734	-1.687	5.290	0.306	-10.271	14.523	
10.540	12.503	6.028	-19.359	-4.704	15.265	-3.885	-4.178	1.119	16.586	-14.483	-10.907	-0.733	5.128	6.757	-4.603	
3.588	3.514	8.531	2.371	-2.137	0.006	-1.408	-3.804	11.847	8.907	3.126	9.331	3.205	7.956	2.499	20.472	
-7.705	-6.034	3.660	-6.915	3.420	-11.893	7.514	2.586	4.632	-9.203	-1.973	14.239	-11.931	-0.669	-4.147	6.530	
-0.548	4.326	-4.777	-22.674	-6.446	13.213	-7.693	3.977	
0.369	17.104	-1.734	9.410	-17.336	20.716	-15.229	-10.627	
10.304	-3.361	-18.813	4.537	7.521	-3.994	-4.429	-9.202	
3.470	-14.089	6.631	-6.317	8.047	-4.457	1.437	4.264	
8.403	-17.365	-4.893	-5.097	10.510	-11.637	6.418	-8.213	
9.158	16.767	-6.083	-2.844	-1.400	
-7.010	1.128	5.314	-1.510	-9.339	
-5.354	-6.133	10.238	-4.974	-1.987	
