3
16 8 5 3 
-3.514	11.559	-4.130	-2.560	-6.316	-5.123	7.873	-0.956	-3.347	8.429	-1.624	-1.589	-3.652	2.113	-14.502	6.204	
-3.227	-11.235	6.960	9.577	-1.650	-1.370	-9.113	3.170	0.801	2.646	-4.026	-4.086	5.033	0.023	15.672	-10.005	
-5.102	-12.151	-1.795	2.031	10.537	-6.849	-5.216	8.716	-7.500	-3.872	-1.762	15.297	4.204	1.858	3.323	2.491	
-3.052	-25.582	5.092	-1.075	-8.411	7.330	1.733	5.970	-7.297	1.814	-4.306	-1.452	2.327	1.577	-2.527	5.511	
1.177	-4.857	-7.761	2.201	10.848	11.870	6.677	-2.972	-1.621	-1.639	3.071	-0.073	5.471	-1.463	-9.801	15.453	
11.309	12.713	5.394	-15.649	-5.473	14.904	-4.019	-4.736	0.270	14.126	-15.418	-11.112	-1.513	5.155	4.854	-3.812	
2.503	5.686	9.951	0.108	-2.137	-0.817	-2.651	-4.427	14.576	4.624	3.377	8.998	3.925	10.202	1.352	17.588	
-8.877	-6.015	2.067	-6.408	2.540	-8.264	9.531	1.627	6.553	-12.706	-1.973	14.408	-12.032	-3.267	-4.147	6.244	
-0.786	4.015	-6.760	-22.188	-8.675	7.736	-7.272	4.905	
0.327	17.025	-4.485	10.033	-14.690	22.592	-14.002	-4.570	
10.491	-4.803	-18.638	2.760	5.706	-3.430	-3.774	-10.281	
2.033	-14.860	7.335	-6.317	4.635	-4.946	1.437	2.119	
8.164	-17.851	-3.988	-8.094	12.030	-8.492	7.400	-8.520	
9.235	14.632	-1.516	-2.071	-0.509	
-7.010	3.036	6.805	-1.778	-9.339	
-4.742	-6.777	8.305	-5.026	0.693	
