3
16 8 5 3 
4.670	2.290	-8.168	1.490	3.936	-2.458	-3.132	-2.710	-4.792	0.928	1.385	1.397	-6.284	-0.873	1.696	-0.123	
-1.404	-1.457	0.554	5.518	-3.742	-9.121	0.412	-5.007	-2.098	1.061	3.377	-1.020	2.392	-0.414	5.324	-7.736	
-0.993	4.813	-3.506	-0.862	3.352	-1.572	-5.185	2.147	5.883	1.954	3.681	2.154	-1.371	0.754	1.548	-4.388	
1.645	-6.115	0.595	-2.432	0.830	1.504	-0.873	0.162	-3.559	-7.892	0.864	-1.796	-9.151	2.503	0.242	1.105	
5.120	-4.756	-0.453	-3.790	-1.511	-3.569	1.761	2.148	4.633	-0.413	-1.979	-1.151	8.909	-2.481	-2.905	-1.429	
-1.636	0.767	9.040	-1.591	-1.015	3.873	5.475	-3.257	-0.520	2.740	-1.244	-2.480	-4.219	-0.291	3.738	-8.290	
1.867	-1.846	-1.485	2.916	-1.758	-0.918	3.042	-2.280	3.081	0.786	3.085	0.844	-0.243	-3.176	0.524	3.737	
-1.818	1.653	0.306	-3.336	3.433	-3.388	4.678	0.631	3.354	-0.708	2.680	-3.537	-2.485	-1.917	0.508	2.871	
1.260	-4.475	-0.151	-11.046	0.683	10.179	-1.668	-2.473	
-0.768	4.546	-0.156	1.686	-0.078	5.145	-5.691	0.567	
4.324	-7.174	-1.470	5.367	1.973	-4.496	1.365	3.139	
0.565	-6.204	4.748	-1.080	-5.532	3.023	-7.088	-2.498	
2.431	-3.527	5.516	7.403	0.061	-3.054	2.496	-0.182	
-0.306	4.485	0.953	-1.221	1.003	
-3.281	-2.669	-2.207	-2.961	-1.796	
2.608	0.116	10.456	3.420	5.339	
