3
16 8 5 3 
-4.247	12.111	-4.130	-1.668	-6.316	-3.614	6.998	-3.698	-3.347	8.429	-2.431	-2.691	-3.454	1.920	-14.545	8.704	
-3.227	-9.140	6.960	9.336	-2.352	-1.149	-9.113	3.656	1.106	2.581	-3.992	-4.086	6.627	0.023	15.289	-10.142	
-5.919	-12.151	-3.111	0.706	9.653	-6.069	-3.314	7.333	-7.219	-5.379	-1.762	15.297	5.890	2.769	2.740	2.542	
-3.200	-25.431	6.947	-0.629	-12.861	5.706	3.233	6.284	-7.297	3.222	-4.306	-1.452	2.314	0.964	-3.346	6.078	
-1.085	-4.857	-8.059	0.391	10.904	12.112	6.743	-4.035	1.718	1.254	4.640	-0.899	4.750	-3.347	-10.221	15.453	
10.135	12.713	4.773	-14.610	-6.475	14.904	-5.670	-1.015	0.270	14.304	-16.320	-11.112	-3.091	5.174	7.689	-4.603	
2.503	4.891	10.643	-0.222	-2.137	-2.222	-2.651	-5.257	15.429	4.624	1.739	8.059	4.459	9.583	-1.046	17.588	
-9.121	-6.717	3.713	-6.737	3.154	-10.438	10.121	3.008	6.217	-11.768	-1.973	14.408	-14.093	-1.060	-5.448	6.833	
-0.786	2.249	-6.923	-19.830	-8.190	9.171	-7.272	4.497	
0.296	17.025	-4.130	9.650	-15.705	22.592	-14.548	-6.452	
10.491	-4.803	-18.638	3.138	9.036	-3.571	-2.793	-10.281	
2.685	-13.201	7.415	-6.421	5.557	-4.946	1.964	2.119	
9.453	-15.479	-4.969	-5.447	11.351	-9.333	8.594	-9.333	
9.020	15.595	-3.633	-1.854	-0.509	
-7.172	1.128	6.734	-1.778	-9.339	
-5.309	-5.940	7.671	-5.026	-0.935	
