3
16 8 5 3 
4.670	2.290	-8.168	1.490	3.936	-2.458	-3.132	-2.710	-4.792	0.928	-0.009	1.397	-4.914	-1.580	1.696	-0.123	
-1.404	-1.457	0.554	5.999	-3.742	-9.121	0.412	-5.007	-2.098	0.539	3.377	-1.369	-0.695	-0.414	5.324	-7.853	
-0.993	4.813	-3.506	-1.029	1.827	-1.201	-5.185	2.147	5.914	1.954	3.681	2.154	-1.371	0.700	1.548	-4.388	
2.524	-6.115	0.658	-2.432	0.658	1.504	-0.873	0.162	-3.559	-7.022	1.828	-1.796	-9.151	2.503	0.242	1.105	
2.659	-3.943	-0.453	-3.790	-0.245	-3.569	1.761	2.148	4.633	-0.523	-1.272	-1.742	8.909	-2.481	-2.905	-1.429	
-1.636	1.788	9.040	-1.591	-1.179	2.725	5.646	-3.405	-0.520	2.740	-1.244	-2.480	-4.219	-0.291	3.738	-8.290	
1.347	-1.846	-1.485	2.916	-1.758	-0.918	3.042	-2.280	3.081	0.786	3.085	0.601	-0.243	-3.176	0.524	3.737	
-1.818	1.653	0.295	-3.336	3.433	-1.837	4.857	0.631	3.354	-0.820	2.436	-2.943	-2.485	-1.917	0.508	2.576	
2.333	-4.475	-0.151	-10.698	0.683	10.179	-1.668	-2.473	
-0.786	4.546	-0.045	2.105	-0.078	5.145	-5.691	0.567	
4.612	-7.019	-1.470	5.367	2.481	-4.496	3.328	3.139	
0.565	-6.204	4.748	-1.080	-5.532	3.023	-7.088	-1.786	
3.113	-3.527	5.516	6.654	-0.405	-3.054	2.496	-0.182	
-0.463	6.557	0.953	-1.221	1.003	
-2.619	-2.669	-2.469	-2.961	-1.796	
2.608	0.116	10.456	2.528	5.339	
