3
16 8 5 3 
-4.247	11.399	-3.447	-1.881	-7.006	-3.095	5.764	-0.277	-6.645	9.771	0.459	-2.486	-4.277	2.375	-15.272	8.313	
-6.513	-9.188	8.088	10.164	0.429	-0.823	-12.342	6.448	0.273	1.216	-3.731	-3.910	4.851	0.987	14.151	-11.461	
-7.280	-12.668	-1.000	1.051	9.884	-6.911	-5.980	7.333	-8.182	-5.417	-0.811	14.743	4.432	3.775	1.396	0.203	
-3.595	-23.899	7.124	-3.504	-10.108	9.652	4.717	6.979	-6.232	6.426	-3.663	-2.841	2.314	1.875	-2.430	5.738	
3.194	-4.857	-6.654	-0.458	12.000	14.068	4.174	-3.678	-0.375	-2.973	4.919	0.822	5.808	-4.898	-10.395	16.906	
9.804	13.354	4.178	-16.739	-4.440	16.369	-4.200	-2.876	2.341	13.864	-14.271	-10.057	-1.247	4.833	6.093	-6.171	
4.432	2.537	7.163	-0.614	-2.137	-0.273	1.144	-5.605	12.597	7.384	2.231	5.177	6.449	8.111	2.927	17.068	
-9.087	-8.248	3.086	-6.050	5.760	-12.977	7.180	2.385	5.363	-13.646	-2.908	12.593	-12.262	-2.933	-4.030	6.635	
0.398	2.608	-5.496	-21.657	-8.516	9.880	-9.414	5.339	
1.170	16.182	-3.668	10.198	-17.029	21.252	-15.135	-7.623	
10.466	-6.873	-16.349	4.096	3.924	-4.502	-3.878	-11.717	
4.662	-15.031	6.724	-6.317	8.096	-4.946	0.984	2.082	
7.190	-16.075	-4.699	-2.981	8.764	-9.263	8.486	-9.086	
11.046	14.492	-5.057	-2.818	-1.510	
-7.010	0.365	5.299	-1.778	-9.815	
-5.708	-5.778	10.451	-4.448	-5.464	
