3
16 8 5 3 
-4.534	11.701	-3.601	-1.831	-8.563	-0.485	8.758	-0.913	-5.516	7.981	-1.588	-1.276	-3.804	1.547	-13.654	8.538	
-4.255	-10.047	6.960	9.019	-0.502	-3.190	-9.959	5.577	0.553	-2.977	-3.731	-2.987	6.728	-0.547	17.906	-12.212	
-6.471	-10.705	-2.076	2.536	7.900	-7.498	-4.829	10.296	-7.862	-3.857	0.274	14.380	4.225	3.465	1.883	3.574	
-2.897	-24.345	8.501	-1.119	-10.108	6.505	0.952	6.163	-7.297	3.981	-2.626	-2.755	3.744	0.200	-4.239	4.877	
5.977	-5.867	-8.646	-0.692	11.659	12.680	4.248	-2.269	-1.202	-3.550	4.727	-1.316	7.012	-3.285	-10.395	14.415	
10.765	12.458	5.394	-14.761	-4.274	14.731	-2.976	-2.805	0.172	15.011	-12.748	-9.782	-0.275	3.627	9.000	-3.554	
2.798	4.891	8.704	0.108	-4.942	0.301	-2.732	-3.895	14.053	5.294	3.981	9.900	6.759	8.839	1.679	18.868	
-9.121	-5.535	3.754	-6.852	2.800	-11.267	10.083	3.327	5.061	-10.500	-1.973	12.310	-12.330	-1.152	-4.147	5.578	
0.208	2.868	-6.355	-21.657	-8.391	9.414	-8.569	3.977	
0.418	16.015	-1.512	8.722	-16.258	20.140	-17.287	-5.576	
8.627	-6.724	-14.617	5.450	7.057	-5.244	-3.577	-8.490	
4.556	-14.497	7.511	-5.758	6.501	-2.872	2.938	0.751	
8.247	-16.945	-6.169	-7.021	11.351	-11.908	4.847	-7.810	
9.604	14.933	-3.354	-1.612	1.584	
-7.010	1.367	5.314	-1.778	-9.339	
-4.504	-5.471	11.896	-5.628	-3.556	
