3
16 8 5 3 
-4.247	12.111	-4.130	-2.560	-6.316	-5.884	7.873	-0.956	-3.347	7.630	-2.431	-0.794	-3.652	3.603	-14.502	4.652	
-3.227	-11.919	7.627	10.030	-2.171	-1.149	-8.985	3.256	0.553	1.793	-4.026	-4.086	6.498	0.023	15.672	-10.424	
-5.074	-13.296	-2.791	0.706	9.653	-7.206	-2.586	9.090	-7.500	-5.379	-1.031	15.297	4.943	1.988	2.740	2.491	
-3.200	-25.669	6.598	-0.244	-8.375	7.330	2.454	6.058	-6.682	2.445	-4.306	-0.446	2.314	1.577	-2.527	3.241	
0.736	-5.477	-7.261	0.391	13.644	10.304	6.677	-4.035	-1.621	-0.566	4.310	-0.073	5.471	-2.863	-9.801	15.453	
8.886	12.713	6.638	-15.649	-5.473	14.904	-3.149	-3.795	0.270	14.126	-16.484	-10.330	-2.014	5.155	7.040	-4.603	
2.503	4.891	9.177	0.108	-2.137	-0.856	-2.651	-6.193	15.416	4.624	3.640	8.059	3.925	11.494	1.352	17.588	
-9.336	-6.015	4.659	-5.965	2.540	-8.264	9.531	1.627	7.405	-12.706	-1.366	14.408	-12.032	-3.267	-4.147	6.221	
-1.075	4.015	-5.762	-22.357	-8.675	9.171	-8.580	4.905	
1.204	17.025	-4.193	9.513	-12.897	21.089	-14.183	-8.742	
10.759	-4.378	-19.832	2.987	5.706	-3.213	-3.774	-11.445	
1.354	-13.867	7.335	-6.317	5.557	-3.415	1.437	2.119	
7.067	-17.993	-3.988	-8.094	11.351	-9.556	7.400	-8.520	
7.491	14.395	-4.436	-1.854	-0.509	
-7.010	1.128	5.314	-1.778	-10.416	
-4.445	-5.502	8.305	-5.026	-0.935	
