3
16 8 5 3 
-5.316	9.084	-2.922	-2.173	-4.639	-2.704	7.555	-0.839	-5.571	8.708	-1.468	-1.276	-4.277	1.547	-13.962	9.508	
-3.227	-10.024	6.960	8.957	-0.502	-3.048	-12.198	2.639	-2.180	1.063	-5.403	-2.692	7.167	-1.981	17.498	-8.648	
-6.471	-11.660	-1.228	2.536	9.653	-8.767	-5.549	7.787	-8.506	-5.999	-0.849	13.285	1.975	1.837	2.246	2.504	
-3.097	-25.739	7.124	-1.119	-10.326	8.591	2.816	6.163	-5.948	3.981	-3.663	-1.560	1.287	1.979	-3.043	4.877	
5.977	-5.575	-7.504	-1.295	11.659	12.636	5.293	-3.646	-0.298	-1.690	3.598	-0.154	9.003	-3.285	-10.395	12.553	
10.037	14.047	5.394	-16.782	-4.274	14.731	-3.885	-3.039	-2.323	13.864	-14.271	-11.498	-2.111	5.174	6.753	-2.685	
7.327	3.805	8.704	0.919	-3.021	-1.317	-2.423	-4.427	14.570	5.294	2.460	6.775	7.752	10.710	1.671	16.398	
-8.845	-6.015	3.043	-3.855	5.820	-11.893	6.623	3.996	5.061	-9.578	-1.266	11.796	-12.744	-1.152	-4.147	5.818	
-0.548	3.677	-5.496	-23.189	-8.675	8.893	-7.693	5.116	
-0.180	17.017	-0.517	7.380	-14.591	19.877	-15.229	-5.770	
8.212	-5.258	-17.168	6.349	4.316	-5.156	-2.340	-8.145	
4.662	-13.637	6.787	-4.725	6.501	-6.127	-0.336	3.308	
7.539	-16.073	-5.185	-6.955	10.008	-10.219	3.875	-10.308	
9.020	13.767	-3.545	-0.610	4.551	
-7.121	1.128	5.314	-1.394	-9.588	
-6.753	-5.714	13.660	-5.628	-3.690	
