3
16 8 5 3 
-5.705	9.522	-2.922	-2.461	-6.566	-3.472	8.935	-2.274	-5.571	8.075	-0.674	-1.739	-3.949	2.674	-13.114	7.385	
-3.227	-10.959	5.626	9.563	0.901	-3.243	-11.759	4.873	-0.790	0.205	-3.731	-2.794	6.728	-0.337	16.167	-9.658	
-7.794	-11.660	-0.837	2.536	10.650	-8.731	-5.408	7.333	-7.910	-5.219	1.652	14.344	3.215	1.837	3.091	4.153	
-3.387	-24.666	8.073	-2.697	-9.032	7.013	2.816	6.402	-7.297	3.981	-6.724	-0.156	2.314	0.855	-3.721	3.934	
6.740	-5.867	-8.873	-2.750	11.451	11.850	4.684	0.604	-3.730	-1.690	6.144	1.272	8.009	-2.642	-11.388	12.553	
10.037	13.037	4.654	-17.625	-4.233	13.217	-4.559	-3.795	-0.857	14.241	-14.271	-11.498	-1.655	5.174	6.343	-2.726	
3.588	4.733	8.704	0.108	-3.021	0.006	-2.303	-4.132	14.570	5.496	2.561	10.408	6.100	6.494	1.835	16.398	
-8.295	-6.015	3.189	-8.942	3.875	-11.789	6.277	4.787	3.773	-10.164	-2.776	14.386	-12.224	-1.152	-4.147	5.825	
-0.548	3.924	-7.293	-21.282	-7.269	10.643	-7.693	5.142	
0.666	14.516	0.202	10.806	-14.761	21.639	-15.229	-5.770	
7.967	-5.258	-16.808	5.030	5.863	-4.577	-2.925	-10.533	
4.572	-14.341	6.662	-4.725	6.501	-4.946	0.984	3.308	
7.616	-14.295	-6.298	-6.666	8.871	-10.403	6.737	-8.357	
9.020	16.793	-2.156	0.469	3.739	
-7.121	1.128	5.161	-1.394	-9.743	
-5.469	-6.211	13.660	-5.628	-3.475	
