3
16 8 5 3 
0.630	-0.030	-0.097	-1.088	-0.981	0.335	0.226	0.005	0.123	2.736	-0.138	-0.069	-0.143	-3.947	0.056	-0.058	
-0.172	-1.125	0.113	0.056	-0.246	-0.599	1.687	0.048	-0.196	0.059	-0.091	0.147	-1.201	-1.001	2.035	-0.150	
0.200	-1.685	-0.112	0.081	0.898	-2.540	-1.200	0.205	-1.575	-0.202	-1.232	-0.153	0.054	0.731	-3.230	-0.332	
-1.549	1.198	-0.030	-0.746	0.219	-1.247	-0.183	0.204	0.499	-2.059	0.765	0.660	-0.147	-0.174	0.126	0.368	
-0.916	0.015	0.452	0.658	0.058	0.185	-0.200	0.141	-0.105	-3.869	0.282	0.189	-1.002	0.186	-1.557	1.709	
0.588	-0.468	-0.105	-1.056	0.184	-0.443	1.892	-0.176	-0.247	0.107	-1.232	-0.417	-0.165	-0.125	-0.714	-0.153	
-4.034	-0.167	-0.872	0.663	-0.172	-0.751	-1.457	0.718	-0.139	-0.753	0.109	-0.466	0.193	1.615	-2.002	-0.350	
0.035	1.044	0.067	-0.855	0.907	0.684	-0.153	0.936	0.030	-0.451	-0.142	2.218	0.318	0.029	2.093	-0.048	
-0.174	-0.130	0.184	-1.465	2.554	-0.236	-0.339	-0.155	
0.288	1.630	0.131	2.138	0.977	-0.986	-0.107	-0.006	
1.337	0.964	-1.460	0.748	-0.233	-0.540	-0.872	2.102	
-1.018	1.159	-0.187	0.926	0.150	-1.726	4.098	-0.013	
0.078	-0.347	-0.932	0.330	0.664	-0.059	0.064	1.532	
-0.830	0.062	3.710	-1.236	2.194	
-0.266	0.202	-0.488	0.209	-0.445	
0.428	1.404	-0.349	-0.117	-0.061	
