3
16 8 5 3 
-4.247	11.195	-4.130	0.170	-6.316	-5.123	7.873	-0.956	-2.093	8.429	-3.389	0.907	-2.287	2.113	-14.502	8.137	
-3.227	-11.858	6.960	9.336	-2.352	-1.149	-9.113	3.656	-0.311	0.980	-1.766	-4.086	6.924	0.023	16.314	-10.142	
-5.074	-12.151	-2.091	1.165	8.975	-7.206	-3.314	7.333	-7.500	-5.379	-1.185	16.103	5.834	2.171	2.740	2.378	
-5.308	-25.669	7.294	-2.754	-10.108	7.330	2.454	5.970	-7.342	3.222	-4.431	-1.967	2.314	1.577	-3.826	5.985	
0.544	-4.857	-7.761	0.391	11.381	11.870	5.705	-4.997	-0.366	-1.639	4.310	-0.899	5.471	-3.347	-10.221	16.845	
10.135	12.713	5.394	-14.610	-6.475	15.454	-4.241	-3.795	0.270	14.126	-16.320	-11.112	-1.068	5.174	7.689	-4.603	
3.601	4.846	9.177	-0.222	-2.137	-0.817	-2.651	-4.427	15.033	5.046	2.847	8.059	4.438	10.202	0.668	17.588	
-9.121	-6.015	3.906	-6.737	3.154	-11.396	10.121	1.627	6.101	-11.768	-1.973	14.408	-11.889	-1.060	-4.147	6.608	
-0.786	2.431	-6.760	-21.877	-8.749	9.299	-6.228	4.497	
0.296	19.104	-4.130	10.033	-15.705	21.735	-15.229	-6.452	
10.491	-4.803	-18.638	2.987	7.453	-1.856	-3.297	-10.281	
2.685	-14.529	7.302	-6.808	5.557	-4.254	1.437	2.119	
8.164	-16.075	-4.650	-6.329	11.351	-9.333	6.262	-8.520	
9.643	13.897	-3.633	-1.854	-0.509	
-6.784	1.128	5.314	-3.962	-9.339	
-4.742	-6.253	8.305	-5.051	-0.336	
