3
16 8 5 3 
2.487	-0.030	-2.628	0.031	-0.981	-0.097	1.448	0.005	0.123	0.862	0.471	-2.622	-0.143	-2.545	0.056	-1.853	
-0.207	0.428	0.113	0.056	0.552	-0.599	1.687	0.048	-0.851	1.644	0.083	0.147	-0.199	-0.241	3.356	-2.982	
0.077	-1.685	-0.112	0.081	-0.023	0.132	-0.490	0.205	0.140	-0.202	-0.190	-0.153	2.463	0.731	-2.537	0.203	
-0.945	0.058	1.231	-0.600	0.219	1.028	-0.183	0.204	-0.114	-1.002	0.220	0.660	-0.281	-0.174	-0.200	0.368	
-0.543	0.015	0.452	0.658	0.058	0.367	-0.200	0.141	-0.105	-3.869	0.282	-1.671	-0.437	1.306	-1.557	1.709	
0.588	-0.786	-0.105	-1.056	0.366	0.094	1.892	-0.176	-1.623	0.107	-1.232	0.096	-0.165	-0.125	-0.714	-0.153	
-2.225	-0.167	0.207	0.022	-0.172	-0.768	-2.878	0.718	0.320	-0.753	0.109	0.057	0.193	1.615	-2.002	-0.350	
0.035	1.044	0.067	0.284	0.030	0.657	-0.153	2.261	0.551	0.527	0.486	0.540	-0.772	0.029	-0.085	-0.048	
-0.559	-0.130	0.184	-1.117	1.932	-0.591	-0.849	-0.155	
0.288	1.630	1.168	2.138	0.780	-0.986	-1.409	-0.006	
1.337	0.313	-1.316	0.748	-1.785	-1.102	-0.950	2.102	
-1.018	-0.081	-0.187	0.926	0.625	-2.314	3.838	-0.013	
0.078	-0.505	-0.932	-1.104	0.664	-0.059	0.064	-0.309	
-0.830	0.062	3.710	-1.236	2.194	
-0.558	0.202	0.051	0.209	-0.445	
0.428	1.404	-0.349	-0.117	-0.061	
