3
16 8 5 3 
-0.007	0.222	0.102	0.002	0.017	-0.038	-0.111	-0.745	0.225	0.200	-0.075	0.124	0.057	0.273	-0.006	0.103	
0.013	0.141	0.239	0.235	-0.243	0.185	-0.182	-1.113	0.173	0.064	-0.150	0.120	0.093	0.188	0.169	1.812	
0.162	-0.149	0.033	-0.609	0.030	0.216	-0.111	-0.207	-0.181	1.526	0.012	-0.217	0.086	0.048	-0.242	-0.247	
-0.223	0.177	-0.050	-0.238	-0.013	0.175	-0.130	0.008	2.590	-0.034	0.130	0.115	0.086	0.225	0.188	-1.517	
-0.237	-0.012	0.098	0.195	-0.128	-0.037	0.124	0.086	-0.188	-0.241	0.175	0.127	0.008	-0.031	0.122	-0.114	
-0.089	-0.093	0.199	0.135	-0.042	-0.195	-0.161	-0.126	0.215	-0.045	-0.062	-0.127	-0.113	0.019	0.134	0.151	
-0.179	0.203	0.070	-0.001	0.170	0.047	0.225	0.233	-0.154	-0.212	0.128	-0.173	-0.079	-0.025	-0.027	-0.062	
0.189	0.138	-0.043	0.086	0.127	1.292	-0.100	-0.100	0.082	0.037	0.225	-0.144	0.072	0.159	0.149	-0.126	
0.295	-0.018	-0.024	-0.083	-0.205	-1.593	0.344	-0.347	
0.344	-0.335	-0.196	0.058	-0.056	0.290	0.150	-0.098	
-0.239	0.676	-0.079	0.267	-0.103	-0.343	-0.076	-0.112	
0.175	0.070	-0.051	0.130	-0.264	0.194	0.311	-0.047	
0.896	0.309	0.170	0.128	-0.314	0.009	0.033	-0.169	
-0.424	0.243	-0.155	0.194	2.005	
0.320	-0.215	0.314	0.089	-0.212	
0.065	0.737	-2.446	-0.447	-2.129	
