3
16 8 5 3 
-4.247	12.614	-5.349	-1.546	-5.133	-6.961	7.611	-1.938	0.252	10.285	-0.995	-0.794	-5.344	1.682	-13.654	7.823	
-3.514	-13.433	4.824	8.037	-0.552	-1.975	-9.984	1.926	-0.652	3.528	-3.040	-2.460	8.375	-0.391	15.905	-10.656	
-6.471	-11.901	-3.363	1.051	8.353	-5.786	-8.553	7.571	-7.517	-5.379	-0.796	13.663	4.225	2.489	1.722	0.631	
-4.429	-25.799	5.166	-2.608	-10.108	9.588	0.967	5.794	-7.297	3.909	-3.749	-0.591	2.642	1.577	-1.862	2.987	
3.340	-5.759	-7.761	-1.058	10.363	9.328	4.684	-3.256	-1.621	-2.055	3.726	-0.073	5.408	-3.285	-10.440	16.304	
10.547	12.713	5.193	-15.369	-5.730	16.900	-3.885	-3.795	-0.527	15.478	-16.271	-11.086	-2.092	5.174	9.231	-4.769	
2.454	4.891	9.114	-2.129	-1.586	-1.058	-3.817	-5.115	13.553	5.146	4.210	9.874	4.482	8.147	1.352	16.200	
-9.121	-6.015	4.661	-7.052	2.300	-12.460	6.740	-0.178	7.972	-13.176	-1.813	14.408	-12.204	-2.933	-3.723	5.615	
-0.548	5.613	-5.390	-22.470	-9.035	8.505	-7.693	4.693	
-0.573	16.890	-1.299	8.349	-15.705	20.497	-15.229	-5.229	
9.970	-4.281	-18.638	3.853	5.375	-2.342	-2.774	-10.639	
3.811	-13.630	8.742	-4.524	5.251	-5.407	0.764	3.323	
7.573	-14.373	-3.337	-8.955	13.135	-11.687	4.782	-7.125	
8.930	15.595	-4.627	-1.843	-1.834	
-7.010	1.402	5.853	-1.216	-9.339	
-5.519	-6.813	8.305	-3.570	-0.935	
