3
16 8 5 3 
-4.535	11.316	-3.799	-1.831	-7.079	-0.485	10.597	-0.913	-5.877	8.708	-1.408	-1.276	-3.804	1.547	-12.243	7.631	
-3.227	-10.959	8.366	11.313	2.136	-3.190	-10.635	5.672	0.553	-3.110	-3.731	-1.342	5.801	-1.549	16.559	-10.074	
-6.901	-10.705	-1.795	3.418	12.191	-7.028	-6.821	10.574	-8.506	-5.608	0.380	14.192	4.225	1.837	1.883	3.400	
-2.327	-24.345	9.391	-1.119	-10.767	7.330	0.995	5.657	-7.297	3.981	-4.045	-2.956	3.744	-2.285	-2.755	5.714	
5.381	-6.820	-8.321	0.790	11.659	12.680	4.922	-1.581	-0.684	-3.550	4.727	-0.388	5.842	-3.285	-10.395	15.986	
10.116	11.138	5.394	-13.331	-4.274	14.731	-2.976	-3.795	0.172	12.957	-12.748	-11.293	-0.922	3.600	7.837	-5.162	
3.588	4.891	8.580	0.108	-4.942	-0.529	-2.732	-5.616	15.565	4.719	0.718	8.641	5.295	8.853	2.455	18.279	
-7.915	-6.210	2.607	-6.852	3.930	-11.893	5.532	3.327	5.061	-10.555	-1.973	14.266	-11.614	-1.152	-4.596	5.818	
-0.547	2.422	-6.355	-20.681	-7.857	9.414	-8.790	3.977	
2.796	16.454	-1.498	8.722	-16.517	20.083	-16.955	-6.313	
10.446	-6.724	-16.101	5.513	6.146	-6.382	-3.577	-9.516	
2.988	-16.815	5.146	-9.257	7.266	-3.260	0.602	1.429	
8.035	-14.406	-4.925	-6.213	11.935	-10.219	3.496	-8.357	
8.914	15.762	-3.413	-1.612	0.924	
-7.352	1.442	4.111	-1.778	-9.376	
-3.960	-5.471	11.561	-3.511	-3.475	
