3
16 8 5 3 
-4.247	12.111	-3.518	-1.668	-6.316	-5.123	7.098	-0.956	-3.347	8.429	-2.431	-2.691	-3.759	2.113	-14.502	8.745	
-3.227	-9.140	6.960	9.336	-2.352	-1.149	-8.468	3.656	0.553	2.860	-4.308	-4.086	8.406	0.023	16.314	-10.142	
-5.074	-11.237	-2.091	0.728	9.653	-7.206	-3.314	7.333	-7.219	-5.379	-1.762	15.288	4.225	2.586	2.740	2.491	
-3.200	-25.669	6.947	-0.629	-10.789	7.330	2.192	6.422	-7.297	3.222	-4.306	-1.452	2.314	2.519	-3.346	6.078	
-1.085	-4.857	-8.059	0.391	10.904	11.870	5.705	-4.035	0.022	-1.639	4.310	-0.899	5.471	-3.347	-10.518	15.453	
10.135	12.713	5.394	-14.610	-6.475	14.904	-5.670	-2.718	-1.072	14.126	-16.011	-11.112	-3.091	5.174	9.403	-5.566	
2.503	4.891	10.643	-0.222	-2.137	-1.109	-2.651	-5.257	14.576	4.624	2.561	8.059	4.459	8.691	0.668	17.588	
-10.242	-5.517	4.068	-6.737	3.154	-11.106	10.121	3.027	8.443	-12.011	-1.950	14.408	-14.093	-4.091	-4.147	6.833	
-0.786	2.249	-6.923	-23.381	-8.190	9.171	-6.029	4.497	
2.785	17.025	-4.130	12.434	-15.705	22.025	-15.229	-6.452	
10.491	-4.803	-19.585	2.724	8.395	-3.571	-3.247	-10.281	
2.685	-13.445	8.111	-6.530	5.557	-4.946	1.437	2.231	
8.164	-16.075	-3.564	-5.447	11.351	-9.333	7.400	-9.333	
9.020	15.595	-1.242	-1.854	-0.509	
-7.010	-0.090	5.314	-1.505	-9.339	
-4.952	-5.940	7.671	-5.026	-0.935	
