3
16 8 5 3 
2.820	3.381	-8.168	1.712	4.197	-1.920	-1.501	-3.712	-4.792	1.905	1.385	2.334	-2.025	1.639	0.526	-0.417	
-1.220	0.158	-0.195	4.336	-1.698	-9.121	0.412	-5.631	-2.713	0.539	1.999	-3.638	2.956	-1.802	5.324	-7.768	
-1.266	4.813	-2.279	-0.554	1.827	-1.489	-5.185	2.378	5.171	0.693	4.508	1.751	-0.928	0.399	3.038	-4.388	
1.627	-5.801	0.658	-2.432	0.830	2.006	-1.180	0.162	-3.559	-7.022	1.140	-0.869	-8.524	2.355	0.426	-1.316	
4.451	-4.238	-0.726	-4.121	-0.245	-3.569	0.432	1.854	3.051	-0.489	-2.397	-1.051	8.909	-2.481	-2.687	-1.429	
-1.311	0.446	9.040	-2.603	-0.249	3.873	5.475	-1.307	-0.851	3.112	-0.933	-2.480	-3.602	1.233	3.738	-8.290	
1.867	-2.329	-1.485	2.916	-2.101	-0.918	1.371	-2.431	3.775	1.142	4.821	2.098	-0.243	-0.941	1.099	3.240	
-2.811	1.337	-0.154	-3.293	1.642	-1.754	4.678	1.028	2.199	-0.820	4.248	-2.992	-2.485	-1.016	-0.305	5.088	
1.265	-4.200	1.534	-11.046	0.989	10.038	-0.342	-2.015	
-0.786	6.226	0.654	1.249	-0.078	6.323	-3.139	0.653	
5.414	-7.174	-1.470	4.496	0.968	-4.480	1.643	3.139	
0.389	-6.204	4.748	-1.094	-5.532	4.014	-7.088	-2.250	
2.705	-3.835	5.516	5.213	-1.448	-2.915	1.802	-1.816	
1.677	5.704	0.986	0.108	2.213	
-3.932	-3.489	-3.668	-2.961	-0.286	
3.451	-0.622	10.456	2.836	6.150	
